
 *****                                                                                    *****

           DATE:  4/06/22,  TIME: 11:38:56

          Total number of particles followed           5500, for a total weight of  5.0000E+02

1
   R - Z     binning n.   3  "dose-asc  " , generalized particle n.  208
      R coordinate: from  0.0000E+00 to  5.0000E+00 cm,     1 bins ( 5.0000E+00 cm wide)
      Z coordinate: from  0.0000E+00 to  3.5000E+01 cm,   350 bins ( 1.0000E-01 cm wide)
      axis coordinates: X = 0.0000E+00, Y =  0.0000E+00 cm
      Data follow in a matrix A(ir,iz), format (1(5x,1p,10(1x,e11.4)))

      accurate deposition along the tracks requested
       4.7462E-05  4.7113E-05  4.8432E-05  4.7871E-05  4.6367E-05  4.8015E-05  4.7956E-05  5.2981E-05  4.9368E-05  4.9859E-05
       4.8838E-05  4.8627E-05  4.9523E-05  4.9830E-05  4.8254E-05  4.9451E-05  4.9577E-05  5.0738E-05  5.1028E-05  5.1816E-05
       5.0108E-05  4.9755E-05  4.9159E-05  4.9539E-05  4.9225E-05  5.0532E-05  5.1502E-05  4.9984E-05  5.1677E-05  5.5398E-05
       5.4830E-05  5.4026E-05  5.7246E-05  5.5808E-05  5.6107E-05  5.2866E-05  5.5052E-05  5.7093E-05  5.5015E-05  5.2930E-05
       5.2769E-05  5.3903E-05  5.6553E-05  5.3708E-05  5.3021E-05  5.3631E-05  5.2278E-05  5.4298E-05  5.5770E-05  5.4172E-05
       5.7721E-05  5.4445E-05  5.2848E-05  5.3500E-05  5.6983E-05  5.4160E-05  5.2949E-05  5.4419E-05  5.2640E-05  5.2925E-05
       5.2914E-05  5.2931E-05  5.4626E-05  5.5165E-05  5.4106E-05  5.7040E-05  5.7084E-05  5.4366E-05  5.5401E-05  5.5449E-05
       5.7049E-05  5.6171E-05  5.4788E-05  5.5685E-05  5.7093E-05  6.1656E-05  5.7450E-05  6.0217E-05  5.6255E-05  5.5155E-05
       5.5720E-05  5.6824E-05  5.6570E-05  5.8444E-05  5.6429E-05  5.8081E-05  5.6343E-05  5.5461E-05  5.7077E-05  5.6639E-05
       5.5905E-05  5.6617E-05  5.7428E-05  5.6760E-05  5.7091E-05  5.6146E-05  5.5416E-05  5.6110E-05  5.7134E-05  5.8513E-05
       5.7718E-05  5.7740E-05  5.7302E-05  5.6435E-05  5.6736E-05  5.7131E-05  5.6662E-05  5.6238E-05  5.7854E-05  5.7076E-05
       5.9478E-05  5.7581E-05  5.9719E-05  5.8054E-05  5.8082E-05  6.0750E-05  5.9848E-05  5.7487E-05  5.7566E-05  5.8094E-05
       6.3166E-05  5.7608E-05  5.7756E-05  5.8144E-05  5.8182E-05  5.8013E-05  5.8684E-05  6.1178E-05  6.4003E-05  6.3276E-05
       6.1858E-05  6.6698E-05  6.2974E-05  6.2797E-05  6.5530E-05  6.2590E-05  6.4950E-05  6.1419E-05  6.2830E-05  6.3309E-05
       6.1708E-05  6.4692E-05  6.1417E-05  6.0446E-05  6.1831E-05  6.3394E-05  6.4265E-05  6.2326E-05  6.1797E-05  6.2456E-05
       6.2964E-05  6.3738E-05  6.2351E-05  6.4367E-05  6.1368E-05  6.1763E-05  6.1854E-05  6.1955E-05  6.0867E-05  6.1476E-05
       6.1893E-05  6.3237E-05  6.3854E-05  6.2955E-05  6.3705E-05  6.4018E-05  6.2874E-05  6.2648E-05  6.2671E-05  6.2787E-05
       6.3535E-05  6.4887E-05  6.7970E-05  6.6873E-05  6.4203E-05  6.6270E-05  6.6007E-05  6.6286E-05  6.5186E-05  6.5130E-05
       6.6389E-05  6.6597E-05  6.7907E-05  6.8045E-05  6.7100E-05  6.8853E-05  7.1751E-05  6.8480E-05  7.0682E-05  7.4967E-05
       7.1465E-05  7.3227E-05  7.1931E-05  7.3683E-05  7.2614E-05  7.9596E-05  7.7728E-05  8.1191E-05  7.7455E-05  7.7596E-05
       7.9337E-05  7.7843E-05  8.0298E-05  8.0312E-05  8.0256E-05  7.7144E-05  7.7158E-05  8.1341E-05  7.8203E-05  8.0553E-05
       8.1230E-05  8.1956E-05  7.9414E-05  7.7961E-05  7.9157E-05  7.8669E-05  7.8327E-05  7.9768E-05  8.0270E-05  7.9492E-05
       8.0283E-05  7.8621E-05  7.9043E-05  7.9137E-05  7.8313E-05  8.6803E-05  8.2885E-05  7.7957E-05  7.8008E-05  7.8499E-05
       7.7595E-05  7.5269E-05  7.5755E-05  7.6170E-05  7.7027E-05  7.9017E-05  7.6971E-05  7.6209E-05  8.0950E-05  7.4715E-05
       7.5726E-05  7.7372E-05  7.8710E-05  7.7948E-05  7.6892E-05  7.8044E-05  7.5581E-05  7.5812E-05  7.6400E-05  7.5801E-05
       7.7262E-05  7.8161E-05  7.8472E-05  7.9361E-05  7.8425E-05  8.1414E-05  7.8890E-05  7.7755E-05  7.9504E-05  8.4214E-05
       8.1699E-05  7.9569E-05  7.9658E-05  8.2253E-05  8.0671E-05  7.8248E-05  7.9221E-05  7.6480E-05  7.7493E-05  7.6996E-05
       7.4033E-05  6.9820E-05  6.9988E-05  6.8894E-05  6.6825E-05  6.4731E-05  6.7762E-05  5.5603E-05  4.5214E-05  4.0976E-05
       3.9585E-05  3.1618E-05  2.3560E-05  2.1951E-05  1.8452E-05  1.3192E-05  1.1029E-05  5.2108E-06  4.9066E-06  3.4617E-06
       1.0551E-06  1.2993E-08  1.5427E-08  1.0715E-08  1.5626E-08  1.6502E-08  2.5334E-08  2.3552E-07  2.4249E-08  3.4573E-08
       1.3113E-08  1.4786E-08  1.9256E-08  4.8870E-07  6.7113E-07  7.2885E-07  2.8679E-08  4.7372E-08  1.1257E-08  1.1111E-08
       3.8611E-08  4.9259E-08  3.0493E-08  3.0497E-08  4.8033E-08  7.2250E-08  2.8661E-08  1.2631E-08  1.0841E-08  1.2781E-08
       1.9552E-08  2.9867E-08  2.8446E-08  5.8249E-08  5.1338E-08  2.4233E-08  2.3138E-08  1.1533E-08  9.0427E-07  1.1376E-08
       1.1893E-08  1.2731E-08  1.1409E-08  1.2208E-08  1.3374E-08  1.2886E-08  4.2241E-08  2.7174E-08  1.5512E-08  7.1285E-08
       1.4255E-08  1.5734E-08  1.2587E-08  1.1672E-08  1.5391E-06  2.1063E-07  2.6926E-08  1.1414E-07  4.2144E-08  2.8317E-08
