
 *****                                                                                    *****

           DATE:  4/06/22,  TIME: 11:39:18

          Total number of particles followed           5500, for a total weight of  5.0000E+02

1
   R - Z     binning n.   3  "dose-asc  " , generalized particle n.  208
      R coordinate: from  0.0000E+00 to  5.0000E+00 cm,     1 bins ( 5.0000E+00 cm wide)
      Z coordinate: from  0.0000E+00 to  3.5000E+01 cm,   350 bins ( 1.0000E-01 cm wide)
      axis coordinates: X = 0.0000E+00, Y =  0.0000E+00 cm
      Data follow in a matrix A(ir,iz), format (1(5x,1p,10(1x,e11.4)))

      accurate deposition along the tracks requested
       4.6393E-05  4.6342E-05  4.7002E-05  4.7787E-05  4.8801E-05  5.0446E-05  4.9103E-05  4.9947E-05  5.1081E-05  4.9299E-05
       5.0186E-05  5.0036E-05  5.2349E-05  5.1601E-05  5.8312E-05  5.4517E-05  5.0756E-05  5.1678E-05  5.1180E-05  5.0729E-05
       4.9978E-05  5.0755E-05  4.9418E-05  5.1120E-05  5.1510E-05  5.3213E-05  5.1685E-05  5.2301E-05  5.2100E-05  5.2910E-05
       5.3466E-05  5.3171E-05  5.2049E-05  5.1399E-05  5.1495E-05  5.2281E-05  5.1486E-05  5.2285E-05  5.4412E-05  5.3618E-05
       5.2078E-05  5.4395E-05  5.6663E-05  5.8195E-05  5.3695E-05  5.3485E-05  5.3219E-05  6.1378E-05  5.4812E-05  5.5102E-05
       5.6348E-05  6.0504E-05  5.6900E-05  5.8991E-05  5.6189E-05  5.4221E-05  5.4909E-05  5.9477E-05  5.5398E-05  5.3305E-05
       5.3196E-05  5.3971E-05  5.8032E-05  5.3826E-05  5.3529E-05  5.5672E-05  5.5784E-05  5.5201E-05  5.5283E-05  5.5369E-05
       5.5396E-05  5.5112E-05  5.3496E-05  5.4741E-05  5.4636E-05  5.6182E-05  5.6690E-05  5.5635E-05  5.5330E-05  5.6071E-05
       5.6188E-05  5.6465E-05  5.5687E-05  5.5777E-05  5.6707E-05  5.9142E-05  5.6970E-05  5.7827E-05  5.6970E-05  5.5950E-05
       5.7161E-05  5.6477E-05  5.7150E-05  5.6997E-05  5.8551E-05  5.6761E-05  5.6383E-05  5.5325E-05  5.7082E-05  5.6105E-05
       5.6453E-05  5.7970E-05  5.6573E-05  5.5949E-05  5.5735E-05  5.9489E-05  5.7443E-05  6.0972E-05  5.7416E-05  5.7377E-05
       5.9689E-05  5.7441E-05  5.7574E-05  5.9737E-05  6.0244E-05  6.0402E-05  6.2127E-05  6.2280E-05  6.0338E-05  5.8906E-05
       5.8973E-05  5.7891E-05  5.9802E-05  5.9663E-05  5.9690E-05  5.9193E-05  5.9767E-05  5.9762E-05  5.8924E-05  5.9956E-05
       6.1137E-05  5.9269E-05  5.9322E-05  5.9443E-05  6.1021E-05  5.9996E-05  5.8508E-05  5.8534E-05  5.9839E-05  6.0614E-05
       5.9903E-05  5.9423E-05  6.0432E-05  6.0740E-05  6.3046E-05  6.1994E-05  6.0613E-05  6.1134E-05  6.2492E-05  6.1518E-05
       6.1413E-05  6.0760E-05  6.2009E-05  6.1582E-05  6.3160E-05  6.4052E-05  6.7241E-05  6.3783E-05  6.1203E-05  6.2786E-05
       6.5555E-05  6.5333E-05  6.4037E-05  6.4339E-05  6.5189E-05  6.6692E-05  6.4985E-05  6.5408E-05  6.5436E-05  6.5835E-05
       6.6524E-05  6.6005E-05  6.6027E-05  6.6786E-05  6.8157E-05  6.5930E-05  6.7171E-05  6.7581E-05  6.8333E-05  6.8567E-05
       6.8445E-05  7.1994E-05  6.9611E-05  6.8833E-05  6.9001E-05  7.0918E-05  7.2147E-05  7.1133E-05  7.2923E-05  7.2865E-05
       7.3313E-05  7.6269E-05  7.3055E-05  7.3180E-05  7.5537E-05  7.7763E-05  7.8594E-05  7.7236E-05  7.7848E-05  7.9184E-05
       7.8763E-05  7.9480E-05  7.9584E-05  7.9823E-05  7.9575E-05  7.8418E-05  7.8703E-05  7.7203E-05  7.8772E-05  7.9879E-05
       7.9469E-05  7.9744E-05  7.9188E-05  7.9165E-05  8.0462E-05  7.9228E-05  7.8426E-05  7.9073E-05  8.4449E-05  8.0000E-05
       8.2108E-05  7.8630E-05  7.9904E-05  7.9331E-05  8.1028E-05  7.9442E-05  7.8722E-05  8.0741E-05  8.1160E-05  7.9638E-05
       8.0821E-05  8.0540E-05  7.9951E-05  7.7000E-05  7.8773E-05  7.7196E-05  7.5410E-05  7.5464E-05  7.6935E-05  7.7157E-05
       7.7120E-05  7.8880E-05  7.9732E-05  7.6977E-05  7.6748E-05  7.8914E-05  7.9039E-05  8.0120E-05  7.9944E-05  7.9124E-05
       7.6480E-05  7.7191E-05  7.7355E-05  7.6473E-05  7.5349E-05  7.5411E-05  7.5059E-05  7.5803E-05  7.7034E-05  7.6118E-05
       7.7875E-05  7.6218E-05  7.6794E-05  7.6342E-05  7.6613E-05  7.8236E-05  7.5953E-05  7.9843E-05  7.8676E-05  8.0178E-05
       7.6916E-05  7.8034E-05  7.9292E-05  7.1985E-05  7.2779E-05  7.0108E-05  6.5013E-05  5.7224E-05  5.0134E-05  4.5208E-05
       3.9325E-05  3.6528E-05  3.4084E-05  2.6057E-05  2.0571E-05  1.2245E-05  7.9684E-06  5.5624E-06  4.3221E-06  2.8730E-06
       8.0842E-07  2.2258E-10  3.6071E-08  1.0083E-07  8.9585E-15  2.0993E-12  1.3197E-09  5.5851E-08  1.4289E-10  6.0351E-10
       1.6848E-14  3.2703E-08  2.7079E-08  5.2384E-07  2.9580E-08  3.3468E-08  3.5707E-08  5.1303E-08  6.8557E-08  7.8033E-08
       1.9374E-09  3.4296E-15  3.2475E-15  2.6171E-15  2.8834E-08  6.5415E-08  4.3687E-07  1.4738E-08  5.4481E-08  5.9511E-15
       6.0334E-08  1.9094E-09  1.7090E-09  1.7473E-08  2.9420E-09  2.0397E-08  4.3457E-11  7.6927E-15  1.4434E-09  3.0796E-08
       6.4364E-15  3.2824E-10  5.2691E-15  2.0750E-08  3.0245E-10  5.6944E-09  3.1696E-09  1.1607E-07  7.2626E-16  1.5796E-09
       5.6658E-09  8.7153E-09  6.5824E-09  7.1302E-09  1.7414E-08  8.8051E-09  4.4215E-09  7.5786E-09  1.5401E-08  3.7617E-11
