
 *****                                                                                    *****

           DATE:  4/06/22,  TIME: 11:39:39

          Total number of particles followed           5500, for a total weight of  5.0000E+02

1
   R - Z     binning n.   3  "dose-asc  " , generalized particle n.  208
      R coordinate: from  0.0000E+00 to  5.0000E+00 cm,     1 bins ( 5.0000E+00 cm wide)
      Z coordinate: from  0.0000E+00 to  3.5000E+01 cm,   350 bins ( 1.0000E-01 cm wide)
      axis coordinates: X = 0.0000E+00, Y =  0.0000E+00 cm
      Data follow in a matrix A(ir,iz), format (1(5x,1p,10(1x,e11.4)))

      accurate deposition along the tracks requested
       4.8074E-05  4.7358E-05  4.7194E-05  5.1788E-05  4.8288E-05  4.9037E-05  5.4474E-05  4.8233E-05  4.9020E-05  4.9355E-05
       4.8667E-05  5.0757E-05  4.9434E-05  4.9710E-05  5.3167E-05  5.0082E-05  4.9722E-05  5.0819E-05  5.1869E-05  5.1066E-05
       5.0847E-05  5.2254E-05  5.0175E-05  5.2373E-05  5.1696E-05  5.0763E-05  5.0860E-05  5.1024E-05  5.2316E-05  5.4082E-05
       5.1170E-05  5.1541E-05  5.2340E-05  5.3369E-05  5.1682E-05  5.0536E-05  5.1630E-05  5.2760E-05  5.2582E-05  5.2145E-05
       5.6821E-05  5.4207E-05  5.6311E-05  5.2148E-05  5.2161E-05  5.6169E-05  5.2355E-05  5.2662E-05  5.5526E-05  5.3398E-05
       5.3869E-05  5.4254E-05  5.4380E-05  5.4515E-05  5.4771E-05  5.4333E-05  5.4201E-05  5.3674E-05  5.3960E-05  5.3948E-05
       5.3343E-05  5.5080E-05  5.3972E-05  5.4008E-05  5.4166E-05  5.5389E-05  5.4503E-05  5.4552E-05  5.8739E-05  5.6332E-05
       5.5238E-05  5.5995E-05  5.8304E-05  5.6229E-05  5.6119E-05  5.8239E-05  5.6869E-05  5.5410E-05  5.5378E-05  5.5730E-05
       5.7057E-05  5.7996E-05  5.8475E-05  5.7444E-05  5.6825E-05  5.5635E-05  5.7009E-05  5.8396E-05  5.7636E-05  5.5598E-05
       5.6266E-05  5.8061E-05  5.7727E-05  5.8443E-05  5.8674E-05  5.8076E-05  5.8640E-05  5.8745E-05  5.6621E-05  5.9016E-05
       5.7579E-05  5.7416E-05  5.7636E-05  5.9602E-05  5.6641E-05  6.0231E-05  6.0101E-05  5.6675E-05  5.6226E-05  5.6790E-05
       6.1632E-05  5.9553E-05  5.8639E-05  5.7245E-05  5.7432E-05  5.9437E-05  5.8928E-05  5.9017E-05  6.1349E-05  6.1692E-05
       6.1209E-05  6.1324E-05  5.9004E-05  5.9039E-05  5.9634E-05  6.1057E-05  6.0258E-05  6.2257E-05  6.0133E-05  6.1709E-05
       6.4270E-05  6.1816E-05  6.1060E-05  6.5249E-05  6.0177E-05  5.8806E-05  5.9583E-05  6.1512E-05  5.9569E-05  5.9768E-05
       6.2054E-05  6.0178E-05  6.0558E-05  6.0043E-05  6.0334E-05  6.0641E-05  6.0326E-05  6.1320E-05  6.1506E-05  6.1613E-05
       6.1295E-05  6.2293E-05  6.1953E-05  6.2002E-05  6.4412E-05  6.3190E-05  6.3688E-05  6.2101E-05  6.2553E-05  6.2275E-05
       6.5061E-05  6.7457E-05  6.5293E-05  6.2648E-05  6.6643E-05  6.3174E-05  6.5935E-05  6.4528E-05  6.5574E-05  6.6801E-05
       6.8404E-05  6.6029E-05  6.7659E-05  6.9557E-05  6.6324E-05  6.5813E-05  6.9443E-05  6.8830E-05  6.8884E-05  6.9538E-05
       6.7899E-05  6.8574E-05  7.0015E-05  6.9283E-05  7.1366E-05  7.2052E-05  7.0373E-05  7.0713E-05  7.0736E-05  7.3654E-05
       7.1409E-05  7.1582E-05  7.1419E-05  7.8272E-05  7.3117E-05  7.4338E-05  7.5270E-05  7.6192E-05  7.7414E-05  7.8375E-05
       8.0304E-05  7.9321E-05  7.7890E-05  7.6829E-05  7.7862E-05  7.8413E-05  7.9276E-05  7.9249E-05  8.0192E-05  8.0532E-05
       8.0444E-05  8.1526E-05  7.9520E-05  7.9370E-05  7.9284E-05  7.7648E-05  7.9760E-05  7.9068E-05  7.8353E-05  7.9029E-05
       7.9151E-05  8.0303E-05  7.9254E-05  7.8616E-05  8.1943E-05  7.9980E-05  7.6847E-05  7.9406E-05  7.7365E-05  7.8699E-05
       7.9425E-05  7.7139E-05  7.7874E-05  7.9654E-05  7.6448E-05  7.6007E-05  7.6914E-05  7.9123E-05  7.7440E-05  7.4808E-05
       7.6815E-05  7.7304E-05  7.6381E-05  7.6009E-05  7.6319E-05  7.5482E-05  7.8468E-05  7.6708E-05  7.5551E-05  7.6400E-05
       7.7586E-05  7.8661E-05  7.7129E-05  7.7522E-05  7.6505E-05  7.8622E-05  7.7756E-05  7.7387E-05  7.8405E-05  7.8086E-05
       7.6033E-05  7.8562E-05  7.6982E-05  7.8877E-05  7.9392E-05  7.9113E-05  7.9192E-05  7.8257E-05  7.3839E-05  7.3367E-05
       7.6616E-05  7.7114E-05  8.0120E-05  7.7781E-05  7.2417E-05  6.5607E-05  5.6412E-05  5.3707E-05  5.0636E-05  4.4363E-05
       3.7767E-05  3.0109E-05  3.0419E-05  2.3226E-05  1.7815E-05  1.5287E-05  1.0799E-05  6.3127E-06  2.1942E-06  9.5038E-07
       1.1306E-06  8.3698E-07  1.3955E-08  1.5022E-08  5.8861E-08  1.7479E-07  6.8216E-08  2.7677E-07  1.3321E-07  1.7225E-07
       4.9050E-07  3.0157E-07  3.0820E-07  1.7238E-08  2.9575E-07  5.0756E-08  2.5693E-08  2.5379E-08  4.1124E-08  8.3107E-08
       3.4543E-07  2.3545E-07  7.2022E-08  1.5859E-07  1.4459E-07  8.7847E-08  1.3028E-08  1.1789E-08  1.4737E-08  1.3170E-08
       1.4392E-08  2.4120E-08  1.2152E-08  5.0306E-08  2.1294E-08  1.5123E-08  4.3624E-08  1.3364E-07  7.7682E-08  2.1221E-08
       1.6059E-07  1.9946E-08  2.8597E-08  3.8146E-08  2.6255E-08  2.9163E-08  3.2544E-08  3.1632E-08  3.5624E-07  6.7580E-08
       4.6921E-08  2.5590E-08  4.7159E-16  4.3435E-10  7.8525E-16  2.0786E-08  3.0138E-16  4.7597E-10  5.5604E-10  3.6087E-09
