
 *****                                                                                    *****

           DATE:  4/06/22,  TIME: 11:38:13

          Total number of particles followed           5500, for a total weight of  5.0000E+02

1
   R - Z     binning n.   3  "dose-asc  " , generalized particle n.  208
      R coordinate: from  0.0000E+00 to  5.0000E+00 cm,     1 bins ( 5.0000E+00 cm wide)
      Z coordinate: from  0.0000E+00 to  3.5000E+01 cm,   350 bins ( 1.0000E-01 cm wide)
      axis coordinates: X = 0.0000E+00, Y =  0.0000E+00 cm
      Data follow in a matrix A(ir,iz), format (1(5x,1p,10(1x,e11.4)))

      accurate deposition along the tracks requested
       4.7810E-05  4.8388E-05  5.0457E-05  4.8516E-05  5.1415E-05  5.1592E-05  5.0953E-05  5.0853E-05  5.2247E-05  5.1244E-05
       5.1043E-05  5.2086E-05  5.1451E-05  5.0423E-05  5.0186E-05  5.1754E-05  5.1085E-05  5.0882E-05  5.3450E-05  5.2509E-05
       5.1745E-05  5.1145E-05  5.2654E-05  5.0981E-05  5.1380E-05  5.3175E-05  5.2946E-05  5.2085E-05  5.1772E-05  5.1912E-05
       5.2792E-05  5.4680E-05  5.2061E-05  5.2123E-05  5.3018E-05  5.7624E-05  5.1672E-05  5.1854E-05  5.1776E-05  5.1388E-05
       5.2952E-05  5.4401E-05  5.3226E-05  5.3772E-05  5.1214E-05  5.4853E-05  5.3577E-05  5.2598E-05  5.2759E-05  5.3558E-05
       5.3484E-05  5.3460E-05  5.3025E-05  5.4396E-05  5.5488E-05  5.4128E-05  5.3930E-05  5.6519E-05  5.4394E-05  5.5386E-05
       5.8523E-05  5.5834E-05  5.5266E-05  5.8471E-05  5.5848E-05  5.6222E-05  5.5547E-05  5.7587E-05  5.5514E-05  5.5206E-05
       5.5473E-05  5.5892E-05  5.6004E-05  5.4708E-05  5.6955E-05  5.7449E-05  5.9025E-05  5.5047E-05  5.4240E-05  5.7034E-05
       5.5278E-05  5.4906E-05  5.6112E-05  5.8181E-05  6.1758E-05  5.9237E-05  5.5348E-05  5.6203E-05  5.5858E-05  5.5894E-05
       5.7589E-05  5.6742E-05  5.5713E-05  5.7084E-05  5.7080E-05  5.6646E-05  5.6358E-05  5.6292E-05  5.7071E-05  5.9856E-05
       5.8654E-05  5.7426E-05  5.8171E-05  6.0677E-05  5.8923E-05  5.9178E-05  5.7041E-05  5.7240E-05  5.8544E-05  5.6683E-05
       5.6940E-05  5.6569E-05  5.9285E-05  5.6330E-05  5.7533E-05  5.9949E-05  5.9579E-05  6.0976E-05  6.1477E-05  5.9390E-05
       5.7361E-05  5.8101E-05  5.9252E-05  5.9863E-05  6.0611E-05  6.2793E-05  5.9688E-05  6.2543E-05  6.5312E-05  6.1074E-05
       5.9409E-05  6.1546E-05  6.1265E-05  6.2147E-05  6.0468E-05  6.1164E-05  6.4929E-05  6.4163E-05  6.1523E-05  6.5324E-05
       6.2180E-05  6.2782E-05  6.1315E-05  6.0461E-05  6.1536E-05  6.3113E-05  6.2163E-05  6.1127E-05  6.1198E-05  6.2623E-05
       6.2417E-05  6.1809E-05  6.1555E-05  6.3383E-05  6.5035E-05  6.1693E-05  6.2474E-05  6.1712E-05  6.2189E-05  6.3284E-05
       6.2372E-05  6.4506E-05  6.3116E-05  6.2278E-05  6.2928E-05  6.5604E-05  6.6380E-05  6.4990E-05  6.5912E-05  6.5276E-05
       6.6035E-05  6.7305E-05  6.6412E-05  6.6377E-05  6.7919E-05  6.5485E-05  6.7911E-05  6.8965E-05  6.9334E-05  6.7429E-05
       6.8366E-05  6.7645E-05  6.8438E-05  6.7552E-05  7.1244E-05  6.9011E-05  6.8835E-05  6.8773E-05  7.0911E-05  7.3036E-05
       7.0885E-05  7.2046E-05  7.3947E-05  7.3207E-05  7.3885E-05  7.3681E-05  7.5326E-05  7.5994E-05  7.5511E-05  7.9093E-05
       7.9423E-05  7.8666E-05  7.9637E-05  7.8659E-05  7.9131E-05  7.9917E-05  8.1476E-05  7.8331E-05  7.7320E-05  7.6851E-05
       8.0752E-05  7.9821E-05  7.9881E-05  7.8032E-05  7.8403E-05  7.8184E-05  8.4457E-05  8.5672E-05  7.8379E-05  7.8554E-05
       7.9374E-05  7.8954E-05  7.7467E-05  7.7600E-05  7.7391E-05  7.8960E-05  8.0227E-05  8.0178E-05  7.7517E-05  7.9584E-05
       7.7058E-05  7.9280E-05  7.6373E-05  7.7272E-05  7.5288E-05  7.7001E-05  7.9575E-05  7.6280E-05  7.5027E-05  7.4846E-05
       7.4115E-05  7.5213E-05  7.6168E-05  7.7431E-05  7.8609E-05  7.6077E-05  7.6827E-05  7.7509E-05  7.6607E-05  7.7646E-05
       8.0890E-05  7.8381E-05  7.7801E-05  7.7927E-05  7.6981E-05  7.7108E-05  7.6620E-05  7.7039E-05  7.8819E-05  8.1279E-05
       8.1516E-05  8.0842E-05  8.0171E-05  7.8286E-05  7.7983E-05  7.8595E-05  8.0070E-05  8.1409E-05  8.1265E-05  8.0266E-05
       8.2165E-05  8.1220E-05  7.8456E-05  6.9257E-05  6.7688E-05  6.6060E-05  6.4113E-05  5.3924E-05  4.8111E-05  4.5295E-05
       4.3845E-05  3.8573E-05  2.7277E-05  2.3035E-05  1.5687E-05  1.3211E-05  9.5234E-06  6.8510E-06  3.5365E-06  1.6492E-06
       9.6746E-08  2.4938E-09  8.6350E-09  1.0980E-08  1.0078E-07  5.1067E-09  2.3801E-08  1.3164E-07  6.3185E-10  6.0499E-12
       2.7312E-09  8.1633E-07  8.0191E-12  2.3973E-10  2.7540E-08  1.5240E-09  1.6377E-15  1.7694E-07  9.1587E-11  6.4806E-08
       2.1274E-09  2.4145E-09  6.4407E-09  1.4106E-07  2.7181E-07  2.8198E-07  6.3152E-11  3.7985E-09  3.6369E-09  1.0908E-07
       1.9510E-08  1.3437E-08  3.4097E-08  5.6362E-08  1.0728E-08  1.3370E-15  1.8409E-09  1.4193E-15  9.6570E-16  2.5779E-15
       3.4183E-16  5.7157E-08  4.2088E-08  5.4736E-11  1.0255E-07  3.4486E-09  1.4218E-11  3.3320E-15  2.5092E-08  4.9044E-08
       3.7426E-09  1.7181E-09  2.9866E-13  2.0336E-15  1.4584E-15  6.3066E-09  9.0791E-11  2.6299E-07  4.0594E-15  1.3009E-11
