
 *****                                                                                    *****

           DATE:  4/06/22,  TIME: 11:38:35

          Total number of particles followed           5500, for a total weight of  5.0000E+02

1
   R - Z     binning n.   3  "dose-asc  " , generalized particle n.  208
      R coordinate: from  0.0000E+00 to  5.0000E+00 cm,     1 bins ( 5.0000E+00 cm wide)
      Z coordinate: from  0.0000E+00 to  3.5000E+01 cm,   350 bins ( 1.0000E-01 cm wide)
      axis coordinates: X = 0.0000E+00, Y =  0.0000E+00 cm
      Data follow in a matrix A(ir,iz), format (1(5x,1p,10(1x,e11.4)))

      accurate deposition along the tracks requested
       4.7338E-05  4.8632E-05  4.8612E-05  4.8360E-05  4.7935E-05  4.7393E-05  4.8810E-05  4.7903E-05  4.8275E-05  4.9948E-05
       5.4003E-05  5.2089E-05  4.8577E-05  5.0811E-05  5.0309E-05  5.2838E-05  4.9737E-05  5.1048E-05  5.0298E-05  5.1290E-05
       5.2792E-05  5.1015E-05  5.3084E-05  5.3818E-05  5.2611E-05  5.0428E-05  5.1511E-05  5.2111E-05  5.1828E-05  5.0764E-05
       5.1297E-05  5.1806E-05  5.0881E-05  5.1513E-05  5.3024E-05  5.2870E-05  5.3347E-05  5.2843E-05  5.4238E-05  5.4047E-05
       5.1987E-05  5.1625E-05  5.3706E-05  5.1751E-05  5.1079E-05  5.1709E-05  5.2303E-05  5.4282E-05  5.3658E-05  5.3246E-05
       5.2115E-05  5.2059E-05  5.2295E-05  5.2635E-05  5.2990E-05  5.2796E-05  5.3908E-05  5.4164E-05  5.5477E-05  5.2565E-05
       5.3888E-05  5.3166E-05  5.4893E-05  5.5089E-05  5.4036E-05  5.4884E-05  5.4576E-05  5.5290E-05  5.6373E-05  5.5438E-05
       5.6209E-05  5.4559E-05  5.3668E-05  5.7656E-05  5.9051E-05  5.5783E-05  5.7638E-05  5.6295E-05  6.0799E-05  5.5435E-05
       5.7171E-05  5.5682E-05  5.6035E-05  5.6916E-05  5.5648E-05  5.7335E-05  5.6337E-05  5.8265E-05  5.7329E-05  5.5240E-05
       5.5898E-05  5.7853E-05  5.6358E-05  5.8139E-05  5.5939E-05  5.5976E-05  5.6435E-05  5.5717E-05  5.7015E-05  5.6464E-05
       5.6687E-05  5.5248E-05  5.7972E-05  5.9095E-05  5.6254E-05  5.7615E-05  5.7691E-05  5.6791E-05  5.7768E-05  5.8525E-05
       5.9207E-05  5.8019E-05  5.8281E-05  5.9172E-05  5.8711E-05  6.0303E-05  5.9377E-05  5.9136E-05  5.7220E-05  6.8694E-05
       5.9498E-05  6.1767E-05  6.0132E-05  5.9989E-05  5.8176E-05  5.8572E-05  5.9522E-05  6.5794E-05  5.8680E-05  5.7947E-05
       5.9095E-05  5.9763E-05  6.2020E-05  6.0481E-05  6.1558E-05  6.8798E-05  6.3122E-05  6.2145E-05  6.0940E-05  6.0548E-05
       6.5091E-05  6.2255E-05  6.8466E-05  6.2861E-05  6.2037E-05  6.0890E-05  6.1582E-05  6.3245E-05  6.1552E-05  6.0793E-05
       6.0574E-05  6.1613E-05  6.2708E-05  6.2690E-05  6.3491E-05  6.1643E-05  6.2078E-05  6.1810E-05  6.3133E-05  6.9174E-05
       6.4461E-05  6.2232E-05  6.1403E-05  6.1858E-05  6.2475E-05  6.2821E-05  6.4268E-05  6.5411E-05  6.4866E-05  6.4236E-05
       6.4419E-05  6.4197E-05  6.5383E-05  6.7257E-05  7.2058E-05  6.8762E-05  6.7670E-05  6.7327E-05  6.8260E-05  6.6298E-05
       6.6890E-05  6.7899E-05  6.8062E-05  6.6476E-05  6.8648E-05  6.8528E-05  7.0196E-05  6.9368E-05  6.9690E-05  6.9924E-05
       7.1085E-05  7.1060E-05  7.6787E-05  7.3392E-05  7.6426E-05  7.3509E-05  7.3852E-05  7.6657E-05  7.8669E-05  7.7176E-05
       7.6889E-05  7.7170E-05  8.3752E-05  8.0330E-05  8.1706E-05  8.2057E-05  8.2825E-05  8.1242E-05  7.9854E-05  7.9874E-05
       7.9516E-05  7.8224E-05  7.9884E-05  8.0505E-05  8.0862E-05  7.8928E-05  8.1204E-05  7.8874E-05  7.6799E-05  7.6587E-05
       7.7754E-05  7.7474E-05  7.7085E-05  7.7566E-05  7.7426E-05  7.7559E-05  7.6458E-05  7.5009E-05  7.6127E-05  7.6235E-05
       7.6907E-05  7.8022E-05  7.8772E-05  7.7316E-05  7.6305E-05  7.6815E-05  7.7287E-05  8.1224E-05  7.7592E-05  7.8269E-05
       7.5276E-05  7.5566E-05  7.8481E-05  7.9074E-05  7.4983E-05  7.7592E-05  7.5058E-05  7.5172E-05  7.7153E-05  7.7413E-05
       7.7517E-05  7.7623E-05  8.1769E-05  7.6493E-05  7.6969E-05  7.7319E-05  7.5655E-05  7.5284E-05  7.6331E-05  7.7577E-05
       7.8038E-05  7.6417E-05  7.7084E-05  7.8279E-05  7.8489E-05  7.7512E-05  7.7042E-05  7.7653E-05  8.2515E-05  7.8260E-05
       7.7250E-05  7.9331E-05  7.6287E-05  7.1536E-05  6.9501E-05  6.2988E-05  5.9129E-05  5.4427E-05  4.7414E-05  4.2902E-05
       3.8298E-05  3.1559E-05  3.1189E-05  2.2782E-05  1.8475E-05  1.2537E-05  1.0947E-05  5.2622E-06  2.5559E-06  2.1571E-06
       3.7644E-07  1.6992E-07  2.8624E-08  2.8358E-08  4.2539E-08  4.2470E-08  6.7057E-08  7.4415E-08  4.7693E-08  6.0608E-08
       4.9635E-08  5.7947E-08  6.2202E-08  7.0713E-08  1.0279E-07  9.2940E-08  3.8628E-08  9.0410E-08  1.4822E-07  1.9481E-07
       1.3458E-07  2.8312E-08  7.5465E-08  1.0163E-07  6.5615E-09  7.0634E-09  1.2604E-08  7.4135E-08  1.5020E-07  1.0076E-08
       1.0348E-13  3.4076E-10  3.3517E-08  1.1462E-08  1.1013E-14  9.8270E-15  6.9263E-15  2.2442E-08  2.4310E-11  7.1111E-09
       5.5092E-08  1.7204E-08  2.3094E-08  7.1003E-09  3.8483E-15  2.3508E-10  6.0156E-15  3.0452E-15  4.9601E-11  1.1838E-07
       1.2899E-13  4.2090E-09  1.4642E-14  1.6997E-15  1.1118E-12  8.9308E-15  8.0307E-11  9.7474E-12  8.7723E-09  1.4541E-12
