85.1356993736952 0.9182542835656301
110.27139874739039 0.8079926448382968
135.4070981210856 0.8799225435691083
160.5427974947808 0.898884110905459
185.67849686847597 0.825404185268019
214.90605427974947 0.8799225435691083
227.7661795407098 0.8613609622059082
235.9498956158664 0.825404185268019
244.7181628392484 0.8613609622059082
252.90187891440502 0.8431909292866269
261.08559498956157 0.898884110905459
269.2693110647182 0.7909483932417865
278.03757828810024 0.8431909292866269
282.1294363256785 0.8431909292866269
295.5741127348643 0.9582558549602669
320.125260960334 1.000000000000001
324.2171189979123 1.000000000000001
328.3089770354906 1.000000000000001