84.68468468468467 0.18618153357889827
109.86486486486486 0.1826308221036408
135.04504504504504 0.17166945419854704
160.22522522522522 0.1683955059757729
185.4054054054054 0.1363435616241445
214.68468468468467 0.08193229533301234
227.56756756756758 0.07372548150235186
235.76576576576576 0.0722188081722667
244.54954954954954 0.07227084453770057
252.74774774774775 0.06783866778215095
260.94594594594594 0.06367830452093798
269.1441441441441 0.061061143284891185
277.92792792792795 0.05855435830103974
282.027027027027 0.04938910214837114
295.49549549549545 0.35910536091726464
319.50450450450444 1.0012011843775672
324.18918918918916 1.0015858680240963
328.2882882882883 1.0019225874583109