84.55114822546973 0.6812920690579622
110.27139874739039 0.6959733220132114
134.82254697286012 0.6959733220132114
160.5427974947808 0.7262917501736212
185.67849686847597 0.7262917501736212
214.90605427974947 0.6669205107153056
227.18162839248436 0.6390804841860322
235.9498956158664 0.6255993607717636
244.13361169102296 0.6528521141127854
252.90187891440502 0.6669205107153056
261.08559498956157 0.6390804841860322
269.2693110647182 0.5623413251903496
278.03757828810024 0.5994842503189415
282.1294363256785 0.5868383921470198
295.5741127348643 0.8431909292866269
319.54070981210856 0.9582558549602669
324.2171189979123 0.9582558549602669
328.3089770354906 0.9582558549602669