84.55114822546973 0.055047898078549734
110.27139874739039 0.05388668673497663
135.4070981210856 0.0505479682119124
160.5427974947808 0.05163723306820105
185.67849686847597 0.03518003735746285
215.4906054279749 0.015317404637020814
227.7661795407098 0.013768571648527583
235.9498956158664 0.013193814396641475
244.7181628392484 0.013193814396641475
252.90187891440502 0.013193814396641475
261.08559498956157 0.009380418666398153
269.8538622129436 0.010435626297753936
278.03757828810024 0.006959733220132099
282.1294363256785 0.007419427072122873
296.1586638830898 0.3095570795443493
319.54070981210856 0.9582558549602669
323.63256784968684 0.9582558549602669
328.89352818371606 0.9582558549602669