85.72025052192068 0.6812920690579622
110.27139874739039 0.7742636826811278
135.4070981210856 0.7109709432312439
160.5427974947808 0.7909483932417865
185.09394572025053 0.8079926448382968
214.90605427974947 0.7579309287953557
227.7661795407098 0.7109709432312439
235.9498956158664 0.7579309287953557
244.7181628392484 0.6959733220132114
252.90187891440502 0.6959733220132114
261.08559498956157 0.7109709432312439
269.8538622129436 0.6812920690579622
278.03757828810024 0.6390804841860322
282.1294363256785 0.7262917501736212
295.5741127348643 0.7419427072122873
319.54070981210856 0.9789054371900617
324.2171189979123 0.9789054371900617
328.3089770354906 0.9789054371900617