85.1356993736952 0.3913745601980384
110.27139874739039 0.41722504518907283
134.82254697286012 0.4447829676127635
159.9582463465553 0.4262158829015325
185.09394572025053 0.3371147677550965
215.4906054279749 0.29663488391777315
227.7661795407098 0.2903775007273509
235.9498956158664 0.27825594022071287
244.13361169102296 0.27825594022071287
252.90187891440502 0.2842521142996649
261.08559498956157 0.25550970903525094
269.8538622129436 0.24484367468222293
278.03757828810024 0.25011984342945753
282.1294363256785 0.24484367468222293
295.5741127348643 0.6124026157621064
319.54070981210856 0.9789054371900617
324.2171189979123 0.9789054371900617
328.3089770354906 0.9789054371900617