85.1356993736952 0.6812920690579622
110.27139874739039 0.6959733220132114
135.4070981210856 0.6812920690579622
160.5427974947808 0.6812920690579622
185.67849686847597 0.6669205107153056
215.4906054279749 0.5994842503189415
227.7661795407098 0.5623413251903496
235.9498956158664 0.5504789807854973
244.13361169102296 0.5623413251903496
252.90187891440502 0.527499706370262
261.08559498956157 0.5388668673497669
269.2693110647182 0.48437886495410465
278.03757828810024 0.5623413251903496
282.1294363256785 0.5163723306820109
295.5741127348643 0.7109709432312439
319.54070981210856 0.9582558549602669
323.63256784968684 0.9582558549602669
328.3089770354906 0.9380418666398154