84.55114822546973 0.27825594022071287
110.27139874739039 0.27238625281248835
135.4070981210856 0.27238625281248835
160.5427974947808 0.26664038389397154
185.67849686847597 0.23967880440802242
214.90605427974947 0.17407673833302367
227.18162839248436 0.16329126856448006
235.9498956158664 0.14994290682819938
244.13361169102296 0.14677992676220705
252.90187891440502 0.14368366837788354
261.08559498956157 0.14065272421052377
269.2693110647182 0.13768571648527597
278.03757828810024 0.12915496650148853
282.1294363256785 0.12376350284724827
296.1586638830898 0.5994842503189415
319.54070981210856 0.9789054371900617
324.2171189979123 0.9789054371900617
328.3089770354906 0.9789054371900617
