85.1356993736952 0.5504789807854973
110.27139874739039 0.5623413251903496
135.4070981210856 0.527499706370262
159.9582463465553 0.5388668673497669
185.67849686847597 0.4948168092155151
215.4906054279749 0.4262158829015325
227.7661795407098 0.4262158829015325
235.9498956158664 0.40842386526745217
244.13361169102296 0.4262158829015325
252.90187891440502 0.41722504518907283
261.08559498956157 0.3998083423884901
269.2693110647182 0.3831186849557293
278.03757828810024 0.3913745601980384
282.1294363256785 0.3750369637922697
295.5741127348643 0.5994842503189415
319.54070981210856 0.9789054371900617
323.63256784968684 0.9789054371900617
328.3089770354906 0.9789054371900617