91.63179916317992 83.18456531845652
110.3765690376569 82.76987447698744
130.8786610878661 84.13575081357507
150.7949790794979 85.05625290562527
170.1255230125523 86.8647140864714
190.6276150627615 90.45281264528126
200.58577405857739 93.57973035797303
210.5439330543933 98.92887029288701
219.3305439330544 101.16503951650394
229.2887029288703 101.18084611808459
240.41841004184099 100.75406787540678
250.9623430962343 100.7708042770804
261.50627615062757 100.78754067875406
270.87866108786613 100.80241748024173
280.836820083682 100.8182240818224
286.10878661087867 99.04881450488143
288.45188284518827 95.49697814969781
289.6234309623431 89.72105997210598
291.3807531380753 73.72384937238492
293.1380753138075 53.28219432821942
295.4811715481172 29.285913528591323
297.8242677824268 11.956299395629927
298.4100418410042 6.623895862389574
300.1673640167364 3.0711297071129593
302.51046025104597 1.297071129707092
306.02510460251045 0.8582054858205197
309.5397489539749 0.8637842863784044