8.1323286986223 0.5294320274058965
10.25697855263102 0.536459392912925
12.380293508155594 0.5184844375022916
14.41881062663949 0.5361244779114048
16.54307908108131 0.5359536123188705
18.667347535523128 0.535782801182068
20.704339055739432 0.5248779980021898
22.8291796095316 0.5354483085810566
24.86674322909824 0.535284622732323
26.989867484839365 0.513867439629035
29.07021142249325 0.5034054056757177
31.24393468744305 0.6246228394393699
35.37480982993817 0.9681987016939929
37.67286935369724 0.9810244673335344
39.66746195539319 0.9940654016680117