8.172629919524693 0.4752113036431005
10.251829658477876 0.4470522692409633
12.33312709504901 0.4529891216723355
14.456060651006682 0.4319381527173839
16.536404588660567 0.4231441500798073
18.6177020252317 0.4287635027798563
20.699380861369733 0.44036455680084174
22.822886516677755 0.4284930355542658
24.90208625563094 0.40310233033166737
26.983955791552425 0.41681409296756383
29.105935848592843 0.3842496617929403
31.24279048874235 0.5998223263779225
35.41835294715921 0.9747521676608573
37.630089035610006 1.0011064994432093
39.667652655176646 1.000800462493595