8.189983599818623 0.878512209476328
10.271090336606308 0.884188234841936
12.396121590181929 0.9081058083110002
14.47608412826891 0.8776839372285808
16.557190865056597 0.8833546111668129
18.681268619714963 0.8771302876340876
20.719022939065063 0.8828031272803337
22.843672793073786 0.8945209303693233
24.881236412640426 0.8942474764889935
26.96196174986121 0.8879521755825049
29.086611603869933 0.8997383240729053
31.211261457878656 0.9116809148808735
35.373284231670574 0.9172847741748107
37.71622177113483 0.9810180855724373
39.66746195539319 0.9940654016680117