8.102634761920466 0.051476567131796554
10.16710426077254 0.0499404272005757
12.279130665657863 0.04737349157761415
14.295887078161314 0.04665364539307662
16.550740381461747 0.041681385238745525
18.47191444095257 0.04198124734302058
20.68170972326584 0.04324180082969665
22.698153775138532 0.04195173424637396
24.858361807318623 0.04009420542288523
26.92064478175537 0.035026439276627075
29.07929101078166 0.031060430438576026
31.134623961183998 0.19444953273283966
35.297141726694875 0.9155389414644559
39.525099044350014 0.9934445591035636
37.50803027121581 0.9937780586768349