8.160109117980351 0.8097545387214362
10.224422436517042 0.7797296442227543
12.386660812797071 0.821394922895498
14.40310486466976 0.7968896034729391
16.42064217875011 0.8147201475610684
18.5816311125071 0.8083515115508793
20.694282238653944 0.7901171370205227
22.76031354065982 0.8261413687158783
24.874057929014313 0.8509611734860483
26.93821506723563 0.8132955176506935
29.003309287349225 0.8130160885150214
31.069340589355107 0.8500843643091155
35.394129702545925 0.9575953033134071
37.50818645153119 1.0012474547740844
39.525099044350014 0.9934445591035636