8.081030456874304 0.08609089998983399
10.206252410233374 0.08901875345281107
12.332809262076593 0.09650138385104456
14.456124217601163 0.0932679460648811
16.536658855038503 0.09198811645867971
18.616239993558587 0.08771388465665883
20.740699147783857 0.0882800255869883
22.819898886737043 0.08304892047970636
24.900814923741272 0.08302299244841693
26.979251863560656 0.0760220836061734
29.09913422298314 0.06506582489759688
31.217808817110424 0.24766237423664642
35.373284231670574 0.9172847741748107
37.62989833582655 0.9943693790887308
39.66746195539319 0.9940654016680117