8.137668292558894 0.6396189158196223
10.261555347433818 0.6308379143243568
12.342471384438051 0.6306409655249422
14.423387421442287 0.6304440782133183
16.590626893754795 0.6217849885162416
18.629525411805588 0.6516812436585896
20.75284036733016 0.6298455903892829
22.83242150585025 0.6005797878438661
24.914291041771726 0.6210088622380938
26.99558847834286 0.6292558575613514
29.07650451534709 0.6290594026830738
31.201726468706163 0.6504529965563104
35.548982298822324 0.9946799200559248
37.54319350095138 0.9943823163598241
39.667652655176646 1.000800462493595