8.142435787145141 0.7572421348714683
10.266132142236613 0.7418203118566676
12.348573777508443 0.7827506249281462
14.428536315595432 0.7565281975597573
16.510215151733462 0.7769975808710409
18.636009204442885 0.8198634842438572
20.715399643179516 0.77650744498348
22.7961249804003 0.7710410073911791
24.878375915888682 0.8081084349109191
26.957003555491518 0.7449782001704361
29.08146270971679 0.7497865911449164
31.20649396329241 0.7700685573294513
35.50562988138473 0.994686390690576
37.586545918388964 0.9943758477032375
39.71119577239769 1.0075746006525275