8.094747655993768 0.3526813582486431
10.257610753535321 0.3828234721581129
12.370886600943681 0.38556523612568605
14.38733065281637 0.3740623658179566
16.5974382957604 0.3911078138551699
18.566950162861367 0.3998621150075832
20.728251457249115 0.4027226905657874
22.79178387420891 0.3735395991523779
24.8560971927456 0.3596891216072458
26.9211914128592 0.35956554091833237
28.983630567611335 0.31647868425497283
31.150398173037388 0.4142485991503944
35.298234988902536 0.9648081644353589
37.459536283290284 0.9717103103250424
39.62114993830879 0.9934286809634136