8.154322740313512 0.24852096358275422
10.235429477101194 0.2501266456415407
12.361032830027165 0.26214965910845933
14.441186067897599 0.25508418467275157
16.565454522339422 0.25500288804826243
18.602255342772267 0.24813164799099383
20.725570298296837 0.23981758849734422
22.80572353616727 0.23335400946190454
24.84328715573392 0.23328267344593062
27.00785683107813 0.20932476019957524
29.086103071114067 0.19038356248065558
31.17865179490874 0.2873285047587792
35.46189606438024 0.9813499922042243
37.58635521860552 0.9876840224406014
39.71119577239769 1.0075746006525275