10.218457196374162 0.13713995340612078
12.341009352764937 0.12901277406118233
14.4666127056909 0.1352141218462761
16.592025358833432 0.1407598681613525
18.62825407991592 0.13422032794135805
20.75271323414119 0.13508664028891043
22.83267577222818 0.13056118926964008
24.912829010098612 0.12704229571769926
26.99202874905179 0.11951430059591674
29.11267390760807 0.10509043783768357
31.178461095125293 0.2853948775983233
35.46170536459679 0.9747458267023287
37.54243070181759 0.9678838355334771
39.71157717196459 1.0212740312077453