8.162541760414536 0.49124132581198016
10.239312742892205 0.5191880067651853
12.360264539442282 0.4978005475312526
14.481829958410037 0.5081318052239653
16.557441876320993 0.4771409571493496
18.634349219335924 0.5113505662910245
20.665371241562696 0.5076463141265034
22.741392241085435 0.4970023200891099
24.862548578441398 0.4865781072698648
26.98343219472285 0.4632998285605047
29.014249676143727 0.45044441354298426
31.137724142633125 0.5586685599199848
35.38576395991 0.9605469097162251
37.507329378877756 0.980481917219595
39.67437103702189 1.0362469968383263