8.16676893706961 0.7561462266433195
10.242858116860978 0.7454595993636568
12.319151837458238 0.7504225297121737
14.485716233721961 0.7554079593913687
16.516874616485985 0.7604424272592369
18.59310015681462 0.7601983954969738
20.714188313901957 0.739094471609036
22.745414876934618 0.7492139931946538
24.867048476171 0.7701016129377523
26.94361491784278 0.7971028455803003
29.0644303538556 0.7537074201170516
31.140587713915593 0.7482423005356906
35.431172018817755 0.9876433018688336
37.46239858185042 1.0011659002592588
39.62923569918866 1.0362542271443398
