8.15054203313561 0.14440214553523392
10.271562009954318 0.1394201378337616
12.347923910820205 0.14132806209240534
14.423467648462532 0.1317885193031822
16.49976136905979 0.13266590721608068
18.621326788027545 0.13541923017099522
20.697825049430698 0.13919560522555963
22.773709688416176 0.13439416569955207
24.895411467921186 0.1391053111091357
26.92568350719302 0.12792447103277219
29.04615804186269 0.11682514907279319
31.173723324469897 0.21994696702676658
35.38590032044726 0.9740042817218559
37.552328356173724 0.9669283000428125
39.67450739755915 1.0507649357178452