8.15633735596918 0.26083798708852607
10.231335651462464 0.23006516578398328
12.352901070430216 0.23483989438888048
14.384059453194242 0.2364050008822604
16.50535215108747 0.23468919475436872
18.58103224926706 0.2219139257864621
20.65759869093884 0.22969465164927855
22.733756050998842 0.2280291396681607
24.809163428103908 0.20969942345660994
26.93025158519125 0.20387794225093125
29.050930660666808 0.1901150009224477
31.175086929842507 0.2527789158157961
35.38590032044726 0.9740042817218559
37.55260107724825 0.9942116439504309
39.674166496215996 1.0148453229322778