8.09783868548442 0.06671596195533688
10.264812163359922 0.07002164435701955
12.339742278584575 0.061332573623574034
14.416581441330875 0.06527427986562598
16.49205699870457 0.06044635541144855
18.568282539033206 0.060426957715969364
20.64389445694416 0.05674153073239092
22.71957455512375 0.053652814536846755
24.841139974091497 0.054766314824599406
26.87073021067703 0.04697989069515126
28.945251244289906 0.03946790050885146
31.124565350787485 0.1459061317994314
35.340901343151295 0.9876570842744554
37.50753391968365 1.0011589147767008
39.58348673893776 0.9733724596476702
