8.087748005727141 0.023828709373914896
10.162950842026317 0.021460704655567472
12.285061703143109 0.02315976428000519
14.405672598350035 0.021446633774352852
16.481557237335515 0.02070684953377197
18.55785095793278 0.02084470630302017
20.769755232835614 0.021425544748799614
22.710574759664553 0.021419117471190015
24.831322015408745 0.02011262983022958
26.907683916274635 0.020387865351829574
28.98097770505216 0.015112043575450396
31.0865207608918 0.3007983805391769
35.38665030340219 1.0514616665021725
37.46273948319357 1.0366013411671602
39.67300743164928 0.901655042350421