8.11583827640281 0.41861195349777724
10.282539033203788 0.42729676478278206
12.40362719029113 0.4154345476892526
14.434581032249264 0.40956606195684936
16.55594191041113 0.4094317723228064
18.63264471262017 0.42972453941069816
20.7088702529488 0.42958663753557796
22.739960455444198 0.4294517763485684
24.860707711188383 0.40325679240758255
26.892138815026932 0.4173986576859115
29.058021408604354 0.3919361351015633
31.182518579123204 0.539567128612426
35.43110383854912 0.9807966623329016
37.507193018340494 0.966935046684804
39.67437103702189 1.0362469968383263