8.12129269789323 0.7303030294710524
10.196836435535557 0.6810080989696821
12.364082634485579 0.7349188785459397
14.439490011590644 0.675843733580425
16.515306470307493 0.6480075111154486
18.546601213608774 0.6614653660194214
20.6237130974296 0.7238400082857266
22.744733074248316 0.6988668579038757
24.86582123133565 0.6794655633676464
26.897661416785986 0.7332695796145403
29.063271289288885 0.6696430287936761
31.14147405740779 0.8190626489039521
35.386036680984525 0.9876501930476033
37.46233040158179 0.9942255180162247
39.67430285675326 1.0290634219139392