8.112838344583077 0.3082345472598653
10.189063884911706 0.30813563244782727
12.310561123610826 0.31235020005775477
14.38665030340219 0.3079357494513381
16.55341924047181 0.31651859797972803
18.62964478080044 0.316417024752768
20.705733960591807 0.31194509764485456
22.782368582532214 0.32513643150165233
24.903252198813668 0.309581649323866
26.93447876184632 0.31382037428148046
29.054816935978728 0.2826321505956799
31.18033681052703 0.4318857682214162
35.43110383854912 0.9807966623329016
37.55253289697962 0.9873194706975224
39.62916751892003 1.029070602097303