8.163291743369468 0.5303071380547619
10.239380923160835 0.522812298394854
12.315197381877683 0.5012790374908184
14.437444603531736 0.5485446549271148
16.513874684666256 0.5599329530007999
18.634485579873186 0.5185146461774521
20.66618940478626 0.5518422639720945
22.787004840799078 0.5217991773535322
24.863980364082636 0.5631143274662035
26.894866025772146 0.5513111632958807
29.015545101247703 0.5140944682949062
31.138610486125316 0.6115459527212236
35.386036680984525 0.9876501930476033
37.46233040158179 0.9942255180162247
39.67423467648463 1.0219296456850866