8.119860912251996 0.6310431975908124
10.241426331219744 0.6441397478494977
12.317856412354265 0.6575126891109402
14.439012749710232 0.6437219039866018
16.47023931274289 0.6525356050123257
18.59119110929297 0.6256550175005986
20.668030272039275 0.6658644550335661
22.744051271562014 0.6519030470771527
24.865412149723873 0.6516892993334916
26.851435194654663 0.6560371045162462
29.017454148769346 0.6246474159080544
31.13922410854299 0.65105756179397
35.386036680984525 0.9876501930476033
37.46226222131316 0.9873332485841315
39.62916751892003 1.029070602097303