0.0 0.7308859339949652
0.525 0.7330098514233676
1.05 0.7438647240389841
1.5750000000000002 0.7554329317407512
2.1 0.7673250559268182
2.625 0.7776359463251877
3.1500000000000004 0.7880364439819655
3.6750000000000003 0.7987531462233878
4.2 0.8121435646583178
4.7250000000000005 0.8262105026430573
5.25 0.840643361307073
5.775 0.8565960489455895
6.300000000000001 0.8740437376753465
6.825 0.8964528701234508
7.3500000000000005 0.9230241198934838
7.875 0.956080307144161
8.4 0.9785238139479548
8.925 0.9940509119690709
9.450000000000001 0.9906370573527131
9.975 0.9898420948651505
10.5 0.990578836941974
11.025 0.9911317072950739
11.55 0.9906007355041414
12.075000000000001 0.9882414716906818
12.600000000000001 0.9908113338118945
13.125 0.9930330054839391
13.65 0.9895929862231337
14.175 0.989421556414076
14.700000000000001 0.9909195671581597
15.225000000000001 0.9902316103680088
15.75 0.9893759109602823
16.275000000000002 0.9884961809381528
16.8 0.9896938382297364
17.325 0.990697854483137
17.85 0.9884800307320243
18.375 0.9882246485456001
18.900000000000002 0.9888175488023149
19.425 0.988868328438924
19.95 0.9885489726974805
20.475 0.9881332825771811
21.0 0.9884504620960598
21.525000000000002 0.9889485240088846
22.05 0.9883932134581936
22.575 0.9884019514657811
23.1 0.9887516190693194
23.625 0.989067854596305
24.150000000000002 0.98904665571383
24.675 0.9892552664098385
25.200000000000003 0.9902287589793841
25.725 0.9912114837072602
26.25 0.9919528401842878
26.775000000000002 0.9934663645721127
27.3 0.9953288712715781
27.825000000000003 0.9961800612440954
28.35 0.9972911317448424
28.875 0.9989276545994129
29.400000000000002 0.9997247055880729
29.925 0.999163313161957
30.450000000000003 0.993528742392925
30.975 0.9343435940858636
31.5 0.838151535012708
32.025 0.46246566527388905
32.550000000000004 0.1780199958572287
33.075 0.032602155021054346
33.6 0.0019002475134016368
34.125 0.00030183882509338036
34.65 0.0002925547928127562
35.175000000000004 0.00029214172165895974
35.7 0.00028954734952534896
36.225 0.0002937084253302667
36.75 0.0002908132848569551
37.275 0.00027641586616452445
37.800000000000004 0.0002680578667580316
38.325 0.00026806253660559596
38.85 0.00029028951558841197
39.375 0.00029557662500425146
39.9 0.0002730557589592758
40.425000000000004 0.0002724622698240033
40.95 0.000273955475639922
41.475 0.000277442154831205
42.0 0.00027035568053690174
42.525 0.00027035568053690174
43.050000000000004 0.00027035568053690174
43.575 0.00027035568053690174
44.1 0.00027035568053690174
44.625 0.00027035568053690174
45.15 0.00027035568053690174
45.675000000000004 0.00027035568053690174
46.2 0.00027035568053690174
46.725 0.00027035568053690174
47.25 0.00027035568053690174
47.775 0.00027035568053690174
48.300000000000004 0.00027035568053690174
48.825 0.00027035568053690174
49.35 0.00027035568053690174
49.875 0.00027035568053690174
50.400000000000006 0.00027035568053690174
50.925000000000004 0.00027035568053690174
51.45 0.00027035568053690174
51.975 0.00027035568053690174
52.5 0.00027035568053690174
