Profund[mm] D[A.U.]   D-Error    DSB-Yield  Yield-Error  Lambda  Lambda-Error    S      S-Error
0.0000e+00 5.2630e-01 3.4889e-03 4.9891e+01 1.4581e-02 1.9669e-01 5.7479e-05 8.7900e-01 1.3864e-02
1.0000e+00 5.4979e-01 4.6094e-03 4.9895e+01 1.4581e-02 1.9784e-01 5.7788e-05 8.7304e-01 1.4443e-02
2.0000e+00 5.5681e-01 6.5092e-03 4.9899e+01 1.4581e-02 1.9912e-01 5.8104e-05 8.7122e-01 1.4657e-02
3.0000e+00 5.5653e-01 3.0798e-03 4.9900e+01 1.4581e-02 1.9943e-01 5.8213e-05 8.7128e-01 1.4579e-02
4.0000e+00 5.6161e-01 3.4270e-03 4.9903e+01 1.4581e-02 2.0062e-01 5.8524e-05 8.6994e-01 1.4705e-02
5.0000e+00 5.6306e-01 1.3381e-03 4.9905e+01 1.4581e-02 2.0116e-01 5.8700e-05 8.6955e-01 1.4719e-02
6.0000e+00 5.7188e-01 4.1598e-03 4.9907e+01 1.4581e-02 2.0146e-01 5.8806e-05 8.6730e-01 1.4960e-02
7.0000e+00 5.7160e-01 4.9691e-03 4.9910e+01 1.4581e-02 2.0215e-01 5.9005e-05 8.6734e-01 1.4970e-02
8.0000e+00 5.7094e-01 3.2696e-03 4.9913e+01 1.4582e-02 2.0315e-01 5.9271e-05 8.6746e-01 1.4927e-02
9.0000e+00 5.7909e-01 7.8070e-03 4.9918e+01 1.4582e-02 2.0475e-01 5.9663e-05 8.6532e-01 1.5227e-02
1.0000e+01 5.7790e-01 3.6222e-03 4.9920e+01 1.4582e-02 2.0496e-01 5.9759e-05 8.6561e-01 1.5098e-02
1.1000e+01 5.8116e-01 5.5600e-03 4.9922e+01 1.4582e-02 2.0538e-01 5.9895e-05 8.6477e-01 1.5213e-02
1.2000e+01 5.8325e-01 4.0207e-03 4.9926e+01 1.4582e-02 2.0636e-01 6.0155e-05 8.6419e-01 1.5232e-02
1.3000e+01 5.8501e-01 5.7784e-03 4.9928e+01 1.4582e-02 2.0684e-01 6.0303e-05 8.6372e-01 1.5310e-02
1.4000e+01 5.8556e-01 2.1026e-03 4.9930e+01 1.4582e-02 2.0734e-01 6.0441e-05 8.6355e-01 1.5263e-02
1.5000e+01 5.8843e-01 4.4877e-03 4.9932e+01 1.4582e-02 2.0756e-01 6.0541e-05 8.6281e-01 1.5363e-02
1.6000e+01 5.9067e-01 4.9008e-03 4.9937e+01 1.4582e-02 2.0898e-01 6.0890e-05 8.6217e-01 1.5426e-02
1.7000e+01 5.9588e-01 5.3049e-03 4.9940e+01 1.4582e-02 2.0960e-01 6.1082e-05 8.6081e-01 1.5557e-02
1.8000e+01 5.9924e-01 4.3533e-03 4.9944e+01 1.4582e-02 2.1087e-01 6.1396e-05 8.5989e-01 1.5617e-02
1.9000e+01 6.0039e-01 6.1150e-03 4.9944e+01 1.4582e-02 2.1058e-01 6.1389e-05 8.5961e-01 1.5682e-02
2.0000e+01 6.0282e-01 3.5421e-03 4.9947e+01 1.4582e-02 2.1131e-01 6.1592e-05 8.5895e-01 1.5687e-02
2.1000e+01 6.0336e-01 3.6818e-03 4.9950e+01 1.4582e-02 2.1220e-01 6.1813e-05 8.5877e-01 1.5704e-02
2.2000e+01 6.0468e-01 5.2739e-03 4.9953e+01 1.4582e-02 2.1292e-01 6.2007e-05 8.5840e-01 1.5766e-02
2.3000e+01 6.0735e-01 6.3133e-03 4.9957e+01 1.4582e-02 2.1391e-01 6.2262e-05 8.5767e-01 1.5854e-02
2.4000e+01 6.1425e-01 7.1800e-03 4.9959e+01 1.4581e-02 2.1458e-01 6.2455e-05 8.5586e-01 1.6037e-02
2.5000e+01 6.1113e-01 3.9613e-03 4.9962e+01 1.4581e-02 2.1508e-01 6.2611e-05 8.5664e-01 1.5893e-02
2.6000e+01 6.1056e-01 2.8126e-03 4.9964e+01 1.4581e-02 2.1557e-01 6.2755e-05 8.5677e-01 1.5865e-02
2.7000e+01 6.1400e-01 5.4314e-03 4.9968e+01 1.4581e-02 2.1670e-01 6.3058e-05 8.5583e-01 1.5991e-02
2.8000e+01 6.1562e-01 2.5686e-03 4.9970e+01 1.4581e-02 2.1729e-01 6.3219e-05 8.5538e-01 1.5981e-02
2.9000e+01 6.1768e-01 2.9859e-03 4.9972e+01 1.4581e-02 2.1743e-01 6.3279e-05 8.5484e-01 1.6034e-02
3.0000e+01 6.2164e-01 5.2986e-03 4.9975e+01 1.4581e-02 2.1835e-01 6.3528e-05 8.5378e-01 1.6166e-02
3.1000e+01 6.2011e-01 3.2043e-03 4.9979e+01 1.4581e-02 2.1961e-01 6.3837e-05 8.5412e-01 1.6096e-02
3.2000e+01 6.2261e-01 3.6065e-03 4.9980e+01 1.4580e-02 2.1966e-01 6.3907e-05 8.5347e-01 1.6160e-02
3.3000e+01 6.2616e-01 4.7561e-03 4.9983e+01 1.4580e-02 2.2024e-01 6.4091e-05 8.5252e-01 1.6262e-02
3.4000e+01 6.2451e-01 5.2865e-03 4.9986e+01 1.4580e-02 2.2133e-01 6.4339e-05 8.5290e-01 1.6237e-02
3.5000e+01 6.2784e-01 4.1825e-03 4.9987e+01 1.4580e-02 2.2106e-01 6.4349e-05 8.5204e-01 1.6291e-02
3.6000e+01 6.2618e-01 5.6231e-03 4.9990e+01 1.4580e-02 2.2205e-01 6.4582e-05 8.5243e-01 1.6284e-02
3.7000e+01 6.3165e-01 5.7030e-03 4.9994e+01 1.4579e-02 2.2312e-01 6.4855e-05 8.5097e-01 1.6413e-02
3.8000e+01 6.3182e-01 4.9617e-03 4.9995e+01 1.4579e-02 2.2321e-01 6.4924e-05 8.5091e-01 1.6401e-02
3.9000e+01 6.3612e-01 4.1154e-03 4.9998e+01 1.4579e-02 2.2419e-01 6.5174e-05 8.4975e-01 1.6484e-02
4.0000e+01 6.3371e-01 6.8936e-03 5.0000e+01 1.4579e-02 2.2461e-01 6.5323e-05 8.5036e-01 1.6493e-02
4.1000e+01 6.3830e-01 3.8559e-03 5.0004e+01 1.4579e-02 2.2602e-01 6.5652e-05 8.4910e-01 1.6533e-02
4.2000e+01 6.3877e-01 3.7783e-03 5.0006e+01 1.4578e-02 2.2593e-01 6.5715e-05 8.4898e-01 1.6543e-02
4.3000e+01 6.4385e-01 7.7832e-03 5.0010e+01 1.4578e-02 2.2752e-01 6.6085e-05 8.4759e-01 1.6754e-02
4.4000e+01 6.4704e-01 4.8262e-03 5.0012e+01 1.4578e-02 2.2778e-01 6.6208e-05 8.4674e-01 1.6752e-02
4.5000e+01 6.4717e-01 5.7871e-03 5.0015e+01 1.4577e-02 2.2873e-01 6.6451e-05 8.4666e-01 1.6777e-02
4.6000e+01 6.5215e-01 6.5519e-03 5.0020e+01 1.4577e-02 2.3059e-01 6.6891e-05 8.4528e-01 1.6912e-02
4.7000e+01 6.4907e-01 5.8826e-03 5.0020e+01 1.4577e-02 2.2994e-01 6.6813e-05 8.4611e-01 1.6825e-02
4.8000e+01 6.4989e-01 2.7184e-03 5.0024e+01 1.4576e-02 2.3152e-01 6.7189e-05 8.4583e-01 1.6791e-02
4.9000e+01 6.5335e-01 3.3922e-03 5.0025e+01 1.4576e-02 2.3154e-01 6.7266e-05 8.4492e-01 1.6878e-02
5.0000e+01 6.5299e-01 3.5182e-03 5.0027e+01 1.4575e-02 2.3224e-01 6.7434e-05 8.4498e-01 1.6873e-02
5.1000e+01 6.5622e-01 5.9733e-03 5.0030e+01 1.4574e-02 2.3272e-01 6.7613e-05 8.4411e-01 1.6993e-02
5.2000e+01 6.5788e-01 5.0364e-03 5.0032e+01 1.4574e-02 2.3354e-01 6.7835e-05 8.4364e-01 1.7011e-02
5.3000e+01 6.6083e-01 4.6903e-03 5.0036e+01 1.4573e-02 2.3507e-01 6.8196e-05 8.4280e-01 1.7073e-02
5.4000e+01 6.6233e-01 4.4117e-03 5.0038e+01 1.4572e-02 2.3545e-01 6.8342e-05 8.4239e-01 1.7103e-02
5.5000e+01 6.6463e-01 5.9505e-03 5.0042e+01 1.4572e-02 2.3651e-01 6.8648e-05 8.4173e-01 1.7188e-02
5.6000e+01 6.6505e-01 4.3241e-03 5.0045e+01 1.4571e-02 2.3739e-01 6.8874e-05 8.4158e-01 1.7166e-02
5.7000e+01 6.6598e-01 3.9678e-03 5.0044e+01 1.4570e-02 2.3702e-01 6.8846e-05 8.4135e-01 1.7180e-02
5.8000e+01 6.7083e-01 3.4134e-03 5.0050e+01 1.4570e-02 2.3904e-01 6.9323e-05 8.3999e-01 1.7284e-02
5.9000e+01 6.7136e-01 5.5133e-03 5.0052e+01 1.4569e-02 2.3973e-01 6.9521e-05 8.3982e-01 1.7335e-02
6.0000e+01 6.6965e-01 3.4158e-03 5.0054e+01 1.4568e-02 2.4029e-01 6.9698e-05 8.4024e-01 1.7260e-02
6.1000e+01 6.7324e-01 3.9632e-03 5.0056e+01 1.4568e-02 2.4091e-01 6.9895e-05 8.3927e-01 1.7350e-02
6.2000e+01 6.7313e-01 6.8845e-03 5.0058e+01 1.4567e-02 2.4131e-01 7.0022e-05 8.3928e-01 1.7411e-02
6.3000e+01 6.7841e-01 8.3286e-03 5.0061e+01 1.4566e-02 2.4245e-01 7.0360e-05 8.3783e-01 1.7573e-02
6.4000e+01 6.7649e-01 3.9241e-03 5.0064e+01 1.4566e-02 2.4315e-01 7.0571e-05 8.3830e-01 1.7426e-02
6.5000e+01 6.7739e-01 6.5550e-03 5.0070e+01 1.4566e-02 2.4549e-01 7.1098e-05 8.3796e-01 1.7504e-02
6.6000e+01 6.8074e-01 4.1418e-03 5.0071e+01 1.4565e-02 2.4566e-01 7.1221e-05 8.3707e-01 1.7528e-02
6.7000e+01 6.8583e-01 2.9447e-03 5.0074e+01 1.4565e-02 2.4661e-01 7.1455e-05 8.3568e-01 1.7626e-02
6.8000e+01 6.8634e-01 6.5356e-03 5.0076e+01 1.4564e-02 2.4750e-01 7.1701e-05 8.3550e-01 1.7706e-02
6.9000e+01 6.9026e-01 8.1242e-03 5.0079e+01 1.4564e-02 2.4826e-01 7.1942e-05 8.3444e-01 1.7839e-02
7.0000e+01 6.8632e-01 6.7509e-03 5.0081e+01 1.4563e-02 2.4878e-01 7.2113e-05 8.3545e-01 1.7714e-02
7.1000e+01 6.9088e-01 4.3784e-03 5.0083e+01 1.4563e-02 2.4963e-01 7.2370e-05 8.3420e-01 1.7764e-02
7.2000e+01 6.8989e-01 6.7194e-03 5.0086e+01 1.4562e-02 2.5059e-01 7.2624e-05 8.3442e-01 1.7795e-02
7.3000e+01 6.9148e-01 3.6061e-03 5.0089e+01 1.4562e-02 2.5171e-01 7.2918e-05 8.3395e-01 1.7769e-02
7.4000e+01 6.9327e-01 6.5577e-03 5.0091e+01 1.4562e-02 2.5227e-01 7.3116e-05 8.3344e-01 1.7869e-02
7.5000e+01 6.9788e-01 5.5100e-03 5.0094e+01 1.4561e-02 2.5332e-01 7.3387e-05 8.3218e-01 1.7947e-02
7.6000e+01 6.9850e-01 4.5218e-03 5.0097e+01 1.4561e-02 2.5430e-01 7.3684e-05 8.3196e-01 1.7943e-02
7.7000e+01 7.0483e-01 4.4214e-03 5.0100e+01 1.4561e-02 2.5520e-01 7.3947e-05 8.3024e-01 1.8082e-02
7.8000e+01 7.0245e-01 4.3357e-03 5.0103e+01 1.4561e-02 2.5638e-01 7.4263e-05 8.3082e-01 1.8031e-02
7.9000e+01 7.0627e-01 3.7323e-03 5.0106e+01 1.4561e-02 2.5735e-01 7.4547e-05 8.2976e-01 1.8107e-02
8.0000e+01 7.0442e-01 5.2924e-03 5.0109e+01 1.4561e-02 2.5876e-01 7.4896e-05 8.3018e-01 1.8096e-02
8.1000e+01 7.0892e-01 5.9915e-03 5.0111e+01 1.4561e-02 2.5913e-01 7.5070e-05 8.2897e-01 1.8211e-02
8.2000e+01 7.1168e-01 2.9694e-03 5.0115e+01 1.4561e-02 2.6056e-01 7.5455e-05 8.2816e-01 1.8221e-02
8.3000e+01 7.1445e-01 9.2126e-03 5.0118e+01 1.4561e-02 2.6166e-01 7.5782e-05 8.2737e-01 1.8430e-02
8.4000e+01 7.1322e-01 8.7637e-03 5.0120e+01 1.4561e-02 2.6233e-01 7.5986e-05 8.2767e-01 1.8389e-02
8.5000e+01 7.1503e-01 5.0686e-03 5.0124e+01 1.4561e-02 2.6402e-01 7.6433e-05 8.2711e-01 1.8333e-02
8.6000e+01 7.2001e-01 3.7999e-03 5.0127e+01 1.4562e-02 2.6498e-01 7.6733e-05 8.2573e-01 1.8422e-02
8.7000e+01 7.2326e-01 6.2501e-03 5.0129e+01 1.4562e-02 2.6598e-01 7.7033e-05 8.2482e-01 1.8541e-02
8.8000e+01 7.2276e-01 5.8772e-03 5.0134e+01 1.4563e-02 2.6762e-01 7.7472e-05 8.2487e-01 1.8525e-02
8.9000e+01 7.2571e-01 5.4257e-03 5.0138e+01 1.4564e-02 2.6929e-01 7.7905e-05 8.2401e-01 1.8582e-02
9.0000e+01 7.2572e-01 4.0774e-03 5.0139e+01 1.4564e-02 2.6968e-01 7.8077e-05 8.2398e-01 1.8558e-02
9.1000e+01 7.2947e-01 3.3700e-03 5.0142e+01 1.4565e-02 2.7106e-01 7.8453e-05 8.2292e-01 1.8632e-02
9.2000e+01 7.2939e-01 4.1072e-03 5.0146e+01 1.4565e-02 2.7249e-01 7.8844e-05 8.2287e-01 1.8643e-02
9.3000e+01 7.2962e-01 4.9894e-03 5.0147e+01 1.4566e-02 2.7279e-01 7.9008e-05 8.2279e-01 1.8664e-02
9.4000e+01 7.3340e-01 5.0039e-03 5.0150e+01 1.4566e-02 2.7398e-01 7.9342e-05 8.2172e-01 1.8748e-02
9.5000e+01 7.3443e-01 4.3644e-03 5.0153e+01 1.4567e-02 2.7526e-01 7.9678e-05 8.2138e-01 1.8761e-02
9.6000e+01 7.3960e-01 4.4124e-03 5.0157e+01 1.4568e-02 2.7675e-01 8.0096e-05 8.1993e-01 1.8876e-02
9.7000e+01 7.4439e-01 4.4730e-03 5.0163e+01 1.4569e-02 2.7876e-01 8.0666e-05 8.1854e-01 1.8983e-02
9.8000e+01 7.4207e-01 3.3056e-03 5.0165e+01 1.4570e-02 2.7972e-01 8.0962e-05 8.1912e-01 1.8918e-02
9.9000e+01 7.4473e-01 4.7866e-03 5.0167e+01 1.4570e-02 2.8032e-01 8.1202e-05 8.1837e-01 1.8999e-02
1.0000e+02 7.4644e-01 3.1116e-03 5.0173e+01 1.4572e-02 2.8302e-01 8.1864e-05 8.1778e-01 1.9016e-02
1.0100e+02 7.5083e-01 5.7060e-03 5.0177e+01 1.4572e-02 2.8445e-01 8.2255e-05 8.1653e-01 1.9155e-02
1.0200e+02 7.5109e-01 4.3611e-03 5.0180e+01 1.4573e-02 2.8568e-01 8.2610e-05 8.1640e-01 1.9137e-02
1.0300e+02 7.5211e-01 5.7135e-03 5.0182e+01 1.4574e-02 2.8627e-01 8.2865e-05 8.1609e-01 1.9186e-02
1.0400e+02 7.5310e-01 5.0045e-03 5.0187e+01 1.4575e-02 2.8857e-01 8.3431e-05 8.1572e-01 1.9197e-02
1.0500e+02 7.5884e-01 5.2883e-03 5.0192e+01 1.4576e-02 2.9043e-01 8.3956e-05 8.1407e-01 1.9328e-02
1.0600e+02 7.6159e-01 3.7709e-03 5.0195e+01 1.4576e-02 2.9111e-01 8.4252e-05 8.1330e-01 1.9362e-02
1.0700e+02 7.6844e-01 5.0881e-03 5.0199e+01 1.4577e-02 2.9279e-01 8.4709e-05 8.1136e-01 1.9532e-02
1.0800e+02 7.7260e-01 4.9300e-03 5.0204e+01 1.4578e-02 2.9468e-01 8.5215e-05 8.1015e-01 1.9620e-02
1.0900e+02 7.7211e-01 5.8881e-03 5.0209e+01 1.4579e-02 2.9658e-01 8.5750e-05 8.1018e-01 1.9633e-02
1.1000e+02 7.7448e-01 7.7476e-03 5.0213e+01 1.4580e-02 2.9842e-01 8.6261e-05 8.0945e-01 1.9733e-02
1.1100e+02 7.7981e-01 5.3901e-03 5.0218e+01 1.4581e-02 3.0023e-01 8.6797e-05 8.0791e-01 1.9791e-02
1.1200e+02 7.8077e-01 3.8830e-03 5.0221e+01 1.4582e-02 3.0141e-01 8.7182e-05 8.0759e-01 1.9788e-02
1.1300e+02 7.8336e-01 3.9505e-03 5.0226e+01 1.4583e-02 3.0335e-01 8.7706e-05 8.0679e-01 1.9847e-02
1.1400e+02 7.8738e-01 5.5828e-03 5.0230e+01 1.4584e-02 3.0489e-01 8.8198e-05 8.0562e-01 1.9962e-02
1.1500e+02 7.9311e-01 5.1937e-03 5.0235e+01 1.4585e-02 3.0647e-01 8.8691e-05 8.0398e-01 2.0077e-02
1.1600e+02 7.9169e-01 4.3607e-03 5.0241e+01 1.4586e-02 3.0851e-01 8.9305e-05 8.0425e-01 2.0037e-02
1.1700e+02 8.0077e-01 8.1873e-03 5.0249e+01 1.4587e-02 3.1199e-01 9.0168e-05 8.0160e-01 2.0320e-02
1.1800e+02 8.0167e-01 3.5239e-03 5.0255e+01 1.4588e-02 3.1379e-01 9.0729e-05 8.0126e-01 2.0242e-02
1.1900e+02 8.0580e-01 8.3583e-03 5.0261e+01 1.4589e-02 3.1630e-01 9.1393e-05 8.0001e-01 2.0437e-02
1.2000e+02 8.1014e-01 6.7264e-03 5.0265e+01 1.4589e-02 3.1762e-01 9.1835e-05 7.9875e-01 2.0484e-02
1.2100e+02 8.1294e-01 5.2603e-03 5.0270e+01 1.4590e-02 3.1956e-01 9.2411e-05 7.9788e-01 2.0514e-02
1.2200e+02 8.1671e-01 4.4698e-03 5.0280e+01 1.4592e-02 3.2320e-01 9.3343e-05 7.9666e-01 2.0584e-02
1.2300e+02 8.2123e-01 3.7987e-03 5.0284e+01 1.4592e-02 3.2439e-01 9.3803e-05 7.9535e-01 2.0669e-02
1.2400e+02 8.2240e-01 3.7962e-03 5.0291e+01 1.4593e-02 3.2727e-01 9.4583e-05 7.9488e-01 2.0699e-02
1.2500e+02 8.2936e-01 3.0850e-03 5.0299e+01 1.4595e-02 3.2993e-01 9.5327e-05 7.9282e-01 2.0837e-02
1.2600e+02 8.3316e-01 7.6722e-03 5.0305e+01 1.4596e-02 3.3210e-01 9.5987e-05 7.9166e-01 2.1007e-02
1.2700e+02 8.3953e-01 6.7852e-03 5.0315e+01 1.4597e-02 3.3545e-01 9.6879e-05 7.8973e-01 2.1120e-02
1.2800e+02 8.4334e-01 4.1355e-03 5.0326e+01 1.4598e-02 3.3946e-01 9.7933e-05 7.8846e-01 2.1153e-02
1.2900e+02 8.4788e-01 2.6022e-03 5.0333e+01 1.4599e-02 3.4148e-01 9.8626e-05 7.8709e-01 2.1230e-02
1.3000e+02 8.5721e-01 3.5058e-03 5.0341e+01 1.4600e-02 3.4396e-01 9.9386e-05 7.8438e-01 2.1433e-02
1.3100e+02 8.6659e-01 4.8927e-03 5.0353e+01 1.4602e-02 3.4823e-01 1.0053e-04 7.8155e-01 2.1649e-02
1.3200e+02 8.6741e-01 6.2894e-03 5.0362e+01 1.4603e-02 3.5115e-01 1.0139e-04 7.8115e-01 2.1698e-02
1.3300e+02 8.7786e-01 7.6096e-03 5.0375e+01 1.4604e-02 3.5530e-01 1.0254e-04 7.7802e-01 2.1946e-02
1.3400e+02 8.8435e-01 7.2194e-03 5.0389e+01 1.4605e-02 3.6012e-01 1.0382e-04 7.7594e-01 2.2072e-02
1.3500e+02 8.9142e-01 4.1152e-03 5.0401e+01 1.4606e-02 3.6360e-01 1.0487e-04 7.7377e-01 2.2157e-02
1.3600e+02 8.9697e-01 3.1998e-03 5.0414e+01 1.4607e-02 3.6768e-01 1.0607e-04 7.7198e-01 2.2262e-02
1.3700e+02 9.0529e-01 4.7992e-03 5.0428e+01 1.4609e-02 3.7200e-01 1.0732e-04 7.6941e-01 2.2455e-02
1.3800e+02 9.1701e-01 3.5525e-03 5.0450e+01 1.4611e-02 3.7941e-01 1.0925e-04 7.6570e-01 2.2678e-02
1.3900e+02 9.3215e-01 2.9172e-03 5.0473e+01 1.4613e-02 3.8657e-01 1.1124e-04 7.6103e-01 2.2974e-02
1.4000e+02 9.4567e-01 1.8961e-03 5.0499e+01 1.4616e-02 3.9499e-01 1.1347e-04 7.5673e-01 2.3238e-02
1.4100e+02 9.6083e-01 2.6685e-03 5.0526e+01 1.4619e-02 4.0391e-01 1.1586e-04 7.5193e-01 2.3546e-02
1.4200e+02 9.7434e-01 3.9296e-03 5.0555e+01 1.4622e-02 4.1348e-01 1.1832e-04 7.4754e-01 2.3828e-02
1.4300e+02 9.8878e-01 4.1443e-03 5.0584e+01 1.4626e-02 4.2355e-01 1.2083e-04 7.4284e-01 2.4114e-02
1.4400e+02 9.9482e-01 3.8025e-03 5.0603e+01 1.4628e-02 4.3009e-01 1.2252e-04 7.4073e-01 2.4232e-02
1.4500e+02 9.9655e-01 3.4506e-03 5.0620e+01 1.4631e-02 4.3593e-01 1.2400e-04 7.3988e-01 2.4270e-02
1.4600e+02 9.9479e-01 3.6703e-03 5.0626e+01 1.4632e-02 4.3741e-01 1.2455e-04 7.4028e-01 2.4245e-02
1.4700e+02 9.9850e-01 7.1818e-03 5.0642e+01 1.4635e-02 4.4261e-01 1.2593e-04 7.3890e-01 2.4384e-02
1.4800e+02 9.9464e-01 3.4498e-03 5.0652e+01 1.4637e-02 4.4636e-01 1.2689e-04 7.3977e-01 2.4256e-02
1.4900e+02 9.9485e-01 4.0609e-03 5.0665e+01 1.4640e-02 4.5087e-01 1.2810e-04 7.3943e-01 2.4277e-02
1.5000e+02 9.8891e-01 6.5384e-03 5.0669e+01 1.4642e-02 4.5190e-01 1.2852e-04 7.4105e-01 2.4215e-02
1.5100e+02 9.8963e-01 6.9798e-03 5.0683e+01 1.4646e-02 4.5666e-01 1.2978e-04 7.4055e-01 2.4247e-02
1.5200e+02 9.8945e-01 4.1555e-03 5.0692e+01 1.4648e-02 4.5964e-01 1.3067e-04 7.4042e-01 2.4198e-02
1.5300e+02 9.8852e-01 3.2325e-03 5.0706e+01 1.4651e-02 4.6423e-01 1.3191e-04 7.4040e-01 2.4179e-02
1.5400e+02 9.8642e-01 4.2249e-03 5.0717e+01 1.4654e-02 4.6793e-01 1.3296e-04 7.4077e-01 2.4160e-02
1.5500e+02 9.8689e-01 4.8118e-03 5.0732e+01 1.4657e-02 4.7294e-01 1.3429e-04 7.4033e-01 2.4187e-02
1.5600e+02 9.8379e-01 2.9137e-03 5.0744e+01 1.4660e-02 4.7686e-01 1.3538e-04 7.4098e-01 2.4114e-02
1.5700e+02 9.8308e-01 5.2417e-03 5.0757e+01 1.4662e-02 4.8148e-01 1.3664e-04 7.4090e-01 2.4142e-02
1.5800e+02 9.8336e-01 3.6988e-03 5.0773e+01 1.4664e-02 4.8636e-01 1.3801e-04 7.4052e-01 2.4134e-02
1.5900e+02 9.8318e-01 2.9640e-03 5.0788e+01 1.4666e-02 4.9145e-01 1.3937e-04 7.4027e-01 2.4132e-02
1.6000e+02 9.8230e-01 2.4230e-03 5.0803e+01 1.4667e-02 4.9644e-01 1.4074e-04 7.4022e-01 2.4121e-02
1.6100e+02 9.8173e-01 4.5064e-03 5.0817e+01 1.4668e-02 5.0097e-01 1.4201e-04 7.4010e-01 2.4144e-02
1.6200e+02 9.8142e-01 4.1470e-03 5.0833e+01 1.4668e-02 5.0657e-01 1.4347e-04 7.3986e-01 2.4144e-02
1.6300e+02 9.7617e-01 2.6532e-03 5.0844e+01 1.4668e-02 5.1013e-01 1.4452e-04 7.4114e-01 2.4038e-02
1.6400e+02 9.7362e-01 2.2285e-03 5.0861e+01 1.4668e-02 5.1594e-01 1.4609e-04 7.4153e-01 2.3999e-02
1.6500e+02 9.7388e-01 4.8170e-03 5.0879e+01 1.4669e-02 5.2171e-01 1.4768e-04 7.4111e-01 2.4047e-02
1.6600e+02 9.7166e-01 4.8435e-03 5.0893e+01 1.4668e-02 5.2620e-01 1.4896e-04 7.4147e-01 2.4015e-02
1.6700e+02 9.7145e-01 6.2600e-03 5.0914e+01 1.4669e-02 5.3318e-01 1.5080e-04 7.4113e-01 2.4052e-02
1.6800e+02 9.7122e-01 4.2268e-03 5.0936e+01 1.4670e-02 5.4067e-01 1.5279e-04 7.4075e-01 2.4026e-02
1.6900e+02 9.7095e-01 5.2763e-03 5.0957e+01 1.4671e-02 5.4711e-01 1.5459e-04 7.4044e-01 2.4051e-02
1.7000e+02 9.7006e-01 4.5292e-03 5.0974e+01 1.4671e-02 5.5234e-01 1.5610e-04 7.4038e-01 2.4033e-02
1.7100e+02 9.6860e-01 3.8841e-03 5.0999e+01 1.4673e-02 5.6066e-01 1.5831e-04 7.4032e-01 2.4013e-02
1.7200e+02 9.6792e-01 2.5358e-03 5.1028e+01 1.4675e-02 5.7017e-01 1.6082e-04 7.3995e-01 2.4004e-02
1.7300e+02 9.6787e-01 4.0406e-03 5.1052e+01 1.4676e-02 5.7811e-01 1.6295e-04 7.3950e-01 2.4036e-02
1.7400e+02 9.6646e-01 4.4939e-03 5.1076e+01 1.4678e-02 5.8562e-01 1.6506e-04 7.3947e-01 2.4032e-02
1.7500e+02 9.6637e-01 4.3493e-03 5.1108e+01 1.4681e-02 5.9647e-01 1.6784e-04 7.3887e-01 2.4048e-02
1.7600e+02 9.6294e-01 3.4409e-03 5.1134e+01 1.4683e-02 6.0472e-01 1.7011e-04 7.3938e-01 2.3989e-02
1.7700e+02 9.6520e-01 3.0397e-03 5.1169e+01 1.4686e-02 6.1574e-01 1.7310e-04 7.3808e-01 2.4048e-02
1.7800e+02 9.6601e-01 2.6024e-03 5.1202e+01 1.4689e-02 6.2699e-01 1.7602e-04 7.3720e-01 2.4080e-02
1.7900e+02 9.6415e-01 3.7602e-03 5.1233e+01 1.4693e-02 6.3646e-01 1.7869e-04 7.3719e-01 2.4078e-02
1.8000e+02 9.6064e-01 5.3139e-03 5.1264e+01 1.4696e-02 6.4590e-01 1.8134e-04 7.3766e-01 2.4057e-02
1.8100e+02 9.6294e-01 5.4153e-03 5.1306e+01 1.4702e-02 6.5931e-01 1.8498e-04 7.3622e-01 2.4129e-02
1.8200e+02 9.6214e-01 3.2302e-03 5.1354e+01 1.4708e-02 6.7548e-01 1.8909e-04 7.3554e-01 2.4111e-02
1.8300e+02 9.6094e-01 3.6767e-03 5.1394e+01 1.4714e-02 6.8822e-01 1.9259e-04 7.3516e-01 2.4120e-02
1.8400e+02 9.5865e-01 5.5428e-03 5.1436e+01 1.4721e-02 7.0052e-01 1.9616e-04 7.3512e-01 2.4133e-02
1.8500e+02 9.6113e-01 4.3810e-03 5.1486e+01 1.4730e-02 7.1582e-01 2.0041e-04 7.3351e-01 2.4189e-02
1.8600e+02 9.6351e-01 3.7933e-03 5.1550e+01 1.4740e-02 7.3760e-01 2.0596e-04 7.3160e-01 2.4265e-02
1.8700e+02 9.6372e-01 4.9441e-03 5.1605e+01 1.4749e-02 7.5437e-01 2.1068e-04 7.3057e-01 2.4321e-02
1.8800e+02 9.6492e-01 4.7451e-03 5.1672e+01 1.4759e-02 7.7604e-01 2.1646e-04 7.2900e-01 2.4382e-02
1.8900e+02 9.6574e-01 4.6150e-03 5.1748e+01 1.4769e-02 8.0105e-01 2.2302e-04 7.2736e-01 2.4442e-02
1.9000e+02 9.6833e-01 3.5636e-03 5.1827e+01 1.4778e-02 8.2646e-01 2.2978e-04 7.2518e-01 2.4523e-02
1.9100e+02 9.7063e-01 2.8549e-03 5.1916e+01 1.4787e-02 8.5532e-01 2.3741e-04 7.2288e-01 2.4612e-02
1.9200e+02 9.7322e-01 3.2256e-03 5.2024e+01 1.4798e-02 8.9126e-01 2.4662e-04 7.2013e-01 2.4731e-02
1.9300e+02 9.7541e-01 2.4987e-03 5.2132e+01 1.4808e-02 9.2489e-01 2.5562e-04 7.1760e-01 2.4828e-02
1.9400e+02 9.7685e-01 3.6274e-03 5.2258e+01 1.4820e-02 9.6475e-01 2.6618e-04 7.1495e-01 2.4943e-02
1.9500e+02 9.7938e-01 4.3133e-03 5.2414e+01 1.4835e-02 1.0154e+00 2.7919e-04 7.1140e-01 2.5095e-02
1.9600e+02 9.8288e-01 5.5667e-03 5.2591e+01 1.4853e-02 1.0717e+00 2.9379e-04 7.0724e-01 2.5287e-02
1.9700e+02 9.8806e-01 3.7171e-03 5.2821e+01 1.4877e-02 1.1477e+00 3.1295e-04 7.0153e-01 2.5488e-02
1.9800e+02 9.8780e-01 7.4026e-03 5.3089e+01 1.4907e-02 1.2364e+00 3.3523e-04 6.9681e-01 2.5723e-02
1.9900e+02 9.8549e-01 8.5829e-03 5.3412e+01 1.4943e-02 1.3438e+00 3.6202e-04 6.9177e-01 2.5916e-02
2.0000e+02 9.8013e-01 6.9249e-03 5.3822e+01 1.4990e-02 1.4810e+00 3.9598e-04 6.8612e-01 2.6025e-02
2.0100e+02 9.5764e-01 5.6934e-03 5.4348e+01 1.5047e-02 1.6632e+00 4.3968e-04 6.8371e-01 2.5929e-02
2.0200e+02 9.1246e-01 5.5774e-03 5.4989e+01 1.5114e-02 1.8888e+00 4.9292e-04 6.8675e-01 2.5528e-02
2.0300e+02 8.2568e-01 1.0018e-02 5.5761e+01 1.5193e-02 2.1647e+00 5.5698e-04 7.0202e-01 2.4560e-02
2.0400e+02 6.8607e-01 7.0085e-03 5.6638e+01 1.5279e-02 2.4891e+00 6.3024e-04 7.3602e-01 2.2096e-02
2.0500e+02 5.1756e-01 5.3229e-03 5.7616e+01 1.5373e-02 2.8614e+00 7.1245e-04 7.8443e-01 1.8522e-02
2.0600e+02 3.4260e-01 6.6815e-03 5.8604e+01 1.5469e-02 3.2355e+00 7.9513e-04 8.4447e-01 1.4006e-02
2.0700e+02 1.9344e-01 4.9595e-03 5.9704e+01 1.5573e-02 3.6761e+00 8.8873e-04 9.0311e-01 9.0748e-03
2.0800e+02 9.3092e-02 4.3085e-03 6.0689e+01 1.5665e-02 4.0759e+00 9.7279e-04 9.4920e-01 5.2037e-03
2.0900e+02 3.8736e-02 1.3815e-03 6.1579e+01 1.5746e-02 4.4557e+00 1.0498e-03 9.7727e-01 2.2482e-03
2.1000e+02 1.5417e-02 9.5877e-04 6.2166e+01 1.5784e-02 4.8087e+00 1.1075e-03 9.9043e-01 1.0637e-03
2.1100e+02 8.4704e-03 1.1415e-03 5.9192e+01 1.5500e-02 3.6083e+00 8.5042e-04 9.9572e-01 7.0803e-04
2.1200e+02 4.7631e-03 6.8330e-04 5.5420e+01 1.5132e-02 2.1504e+00 5.2979e-04 9.9826e-01 3.0919e-04
2.1300e+02 5.1821e-03 7.4172e-04 5.4381e+01 1.5009e-02 1.8811e+00 4.5058e-04 9.9825e-01 3.1404e-04
2.1400e+02 4.4958e-03 8.9508e-04 5.3796e+01 1.4957e-02 1.6344e+00 3.9942e-04 9.9858e-01 3.2435e-04
2.1500e+02 4.8736e-03 4.4908e-04 5.3166e+01 1.4902e-02 1.3481e+00 3.4365e-04 9.9857e-01 2.0967e-04
2.1600e+02 4.6805e-03 1.1862e-03 5.3526e+01 1.4935e-02 1.5008e+00 3.7516e-04 9.9857e-01 3.9659e-04
2.1700e+02 4.7775e-03 8.7983e-04 5.4005e+01 1.4986e-02 1.6531e+00 4.1351e-04 9.9847e-01 3.2757e-04
2.1800e+02 5.2473e-03 1.0447e-03 5.3898e+01 1.4975e-02 1.6208e+00 4.0519e-04 9.9834e-01 3.7827e-04
2.1900e+02 4.7608e-03 7.7919e-04 5.3221e+01 1.4910e-02 1.3404e+00 3.4611e-04 9.9861e-01 2.7831e-04
2.2000e+02 6.0179e-03 1.4506e-03 5.3865e+01 1.4971e-02 1.6170e+00 4.0262e-04 9.9810e-01 5.0452e-04
2.2100e+02 4.8374e-03 1.2174e-03 5.3706e+01 1.4956e-02 1.5359e+00 3.8750e-04 9.9850e-01 4.1193e-04
2.2200e+02 4.9880e-03 1.7577e-03 5.3043e+01 1.4901e-02 1.2068e+00 3.2565e-04 9.9859e-01 5.2294e-04
2.2300e+02 5.3384e-03 1.1566e-03 5.3566e+01 1.4940e-02 1.5021e+00 3.7655e-04 9.9837e-01 3.9864e-04
2.2400e+02 4.8775e-03 8.0268e-04 5.3379e+01 1.4918e-02 1.4509e+00 3.6212e-04 9.9853e-01 2.9332e-04
2.2500e+02 5.2853e-03 1.2390e-03 5.3315e+01 1.4926e-02 1.3364e+00 3.5103e-04 9.9845e-01 4.0397e-04
2.2600e+02 4.2970e-03 7.7368e-04 5.3818e+01 1.4958e-02 1.6563e+00 4.0279e-04 9.9863e-01 2.8897e-04
2.2700e+02 4.9493e-03 5.3980e-04 5.3126e+01 1.4906e-02 1.2728e+00 3.3575e-04 9.9858e-01 2.2601e-04
2.2800e+02 4.8878e-03 6.8845e-04 5.4040e+01 1.4979e-02 1.7310e+00 4.2095e-04 9.9841e-01 2.8350e-04
2.2900e+02 4.7663e-03 8.9922e-04 5.3570e+01 1.4949e-02 1.4274e+00 3.7113e-04 9.9857e-01 3.1540e-04
2.3000e+02 5.4206e-03 7.1631e-04 5.3542e+01 1.4932e-02 1.5277e+00 3.7728e-04 9.9833e-01 2.8879e-04
2.3100e+02 4.5805e-03 8.8454e-04 5.3815e+01 1.4961e-02 1.6272e+00 3.9973e-04 9.9855e-01 3.2255e-04
2.3200e+02 5.4456e-03 1.3174e-03 5.3309e+01 1.4916e-02 1.3824e+00 3.5293e-04 9.9839e-01 4.3120e-04
2.3300e+02 4.0987e-03 8.6053e-04 5.2989e+01 1.4888e-02 1.2356e+00 3.2422e-04 9.9884e-01 2.7937e-04
2.3400e+02 4.5714e-03 7.3368e-04 5.2943e+01 1.4884e-02 1.2171e+00 3.2062e-04 9.9871e-01 2.5613e-04
2.3500e+02 4.8680e-03 1.2971e-03 5.3224e+01 1.4905e-02 1.3594e+00 3.4644e-04 9.9857e-01 4.1494e-04
2.3600e+02 4.9759e-03 2.3530e-03 5.3095e+01 1.4901e-02 1.2698e+00 3.3275e-04 9.9857e-01 6.9541e-04
2.3700e+02 4.2197e-03 1.3232e-03 5.4070e+01 1.4975e-02 1.7863e+00 4.2620e-04 9.9861e-01 4.6148e-04
2.3800e+02 4.4660e-03 9.0764e-04 5.3586e+01 1.4946e-02 1.4756e+00 3.7562e-04 9.9864e-01 3.1567e-04
2.3900e+02 4.1180e-03 5.8867e-04 5.3210e+01 1.4909e-02 1.3395e+00 3.4562e-04 9.9880e-01 2.2064e-04
2.4000e+02 4.6551e-03 7.2974e-04 5.3457e+01 1.4932e-02 1.4368e+00 3.6558e-04 9.9860e-01 2.7064e-04
2.4100e+02 4.9605e-03 9.1231e-04 5.3298e+01 1.4917e-02 1.3834e+00 3.5289e-04 9.9853e-01 3.1773e-04
2.4200e+02 4.1397e-03 9.7465e-04 5.2808e+01 1.4873e-02 1.1702e+00 3.1042e-04 9.9885e-01 3.0335e-04
2.4300e+02 4.6508e-03 1.0428e-03 5.2875e+01 1.4885e-02 1.1538e+00 3.1264e-04 9.9871e-01 3.2716e-04
2.4400e+02 5.9284e-03 1.0541e-03 5.3941e+01 1.4980e-02 1.6392e+00 4.0799e-04 9.9811e-01 3.9470e-04
2.4500e+02 5.0460e-03 9.9087e-04 5.3700e+01 1.4961e-02 1.5159e+00 3.8562e-04 9.9845e-01 3.5111e-04
2.4600e+02 4.3079e-03 7.5080e-04 5.2636e+01 1.4862e-02 1.0747e+00 2.9316e-04 9.9883e-01 2.4648e-04
2.4700e+02 5.1445e-03 7.6786e-04 5.2807e+01 1.4880e-02 1.1273e+00 3.0712e-04 9.9858e-01 2.6981e-04
2.4800e+02 5.2802e-03 9.4831e-04 5.3478e+01 1.4938e-02 1.4367e+00 3.6765e-04 9.9841e-01 3.3721e-04
2.4900e+02 4.7163e-03 9.5381e-04 5.4346e+01 1.5016e-02 1.8112e+00 4.4346e-04 9.9843e-01 3.6042e-04
2.5000e+02 4.9403e-03 1.3091e-03 5.3518e+01 1.4930e-02 1.5144e+00 3.7475e-04 9.9849e-01 4.3583e-04
