
 *****                                                                                    *****

           DATE:  3/28/22,  TIME: 20:40:05

          Total number of particles followed         100000, for a total weight of  1.0000E+05

1
   Cartesian binning n.   1  "E1        " , generalized particle n.  208
      X coordinate: from -2.5000E+01 to  2.5000E+01 cm,     1 bins ( 5.0000E+01 cm wide)
      Y coordinate: from -2.5000E+01 to  2.5000E+01 cm,     1 bins ( 5.0000E+01 cm wide)
      Z coordinate: from  0.0000E+00 to  5.0000E+00 cm,  1000 bins ( 5.0000E-03 cm wide)
      Data follow in a matrix A(ix,iy,iz), format (1(5x,1p,10(1x,e11.4)))

      accurate deposition along the tracks requested
       5.2172E-06  5.2293E-06  5.2524E-06  5.2925E-06  5.2353E-06  5.2978E-06  5.2917E-06  5.2665E-06  5.2658E-06  5.2817E-06
       5.3189E-06  5.3310E-06  5.3159E-06  5.3376E-06  5.3018E-06  5.3317E-06  5.3548E-06  5.3601E-06  5.3630E-06  5.3676E-06
       5.3907E-06  5.3930E-06  5.3849E-06  5.4237E-06  5.4144E-06  5.4169E-06  5.4063E-06  5.4139E-06  5.4256E-06  5.4436E-06
       5.4415E-06  5.4309E-06  5.4902E-06  5.4873E-06  5.4832E-06  5.4832E-06  5.5013E-06  5.5073E-06  5.5299E-06  5.5312E-06
       5.5356E-06  5.5465E-06  5.5694E-06  5.5672E-06  5.6013E-06  5.5702E-06  5.6172E-06  5.5895E-06  5.6010E-06  5.6087E-06
       5.6137E-06  5.6488E-06  5.6382E-06  5.6272E-06  5.6488E-06  5.6307E-06  5.6601E-06  5.6815E-06  5.6719E-06  5.6568E-06
       5.6886E-06  5.7024E-06  5.6979E-06  5.7311E-06  5.7041E-06  5.7091E-06  5.7278E-06  5.7239E-06  5.7284E-06  5.7751E-06
       5.7711E-06  5.7654E-06  5.7735E-06  5.7959E-06  5.7731E-06  5.7701E-06  5.8357E-06  5.8096E-06  5.8225E-06  5.8314E-06
       5.8883E-06  5.8490E-06  5.8897E-06  5.8939E-06  5.8897E-06  5.9194E-06  5.9025E-06  5.9128E-06  5.9461E-06  5.9482E-06
       5.9798E-06  5.9562E-06  5.9549E-06  5.9833E-06  5.9767E-06  5.9895E-06  6.0540E-06  6.0519E-06  6.0333E-06  6.0786E-06
       6.0717E-06  6.0754E-06  6.0649E-06  6.0792E-06  6.0994E-06  6.1422E-06  6.1189E-06  6.1395E-06  6.1775E-06  6.1904E-06
       6.2234E-06  6.1550E-06  6.1647E-06  6.1922E-06  6.2076E-06  6.2382E-06  6.2542E-06  6.2516E-06  6.2562E-06  6.2771E-06
       6.3076E-06  6.3095E-06  6.3251E-06  6.3363E-06  6.3456E-06  6.3412E-06  6.3886E-06  6.3858E-06  6.4026E-06  6.4308E-06
       6.4688E-06  6.4763E-06  6.5084E-06  6.4792E-06  6.4950E-06  6.5560E-06  6.5559E-06  6.6048E-06  6.5865E-06  6.5950E-06
       6.6340E-06  6.6652E-06  6.6774E-06  6.7031E-06  6.7507E-06  6.7982E-06  6.7865E-06  6.8109E-06  6.8883E-06  6.9424E-06
       6.9784E-06  7.0418E-06  7.0516E-06  7.0159E-06  6.9896E-06  6.9266E-06  6.9298E-06  6.9589E-06  7.0160E-06  7.1163E-06
       7.1718E-06  7.1991E-06  7.3153E-06  7.2869E-06  7.2612E-06  7.2212E-06  7.1032E-06  7.0256E-06  6.9811E-06  7.0128E-06
       7.0617E-06  7.1182E-06  7.1980E-06  7.2599E-06  7.3029E-06  7.2929E-06  7.1861E-06  7.1472E-06  7.0570E-06  7.0144E-06
       7.0366E-06  7.0804E-06  7.1495E-06  7.1992E-06  7.2622E-06  7.2814E-06  7.2844E-06  7.2410E-06  7.1221E-06  7.0769E-06
       7.0929E-06  7.1000E-06  7.1021E-06  7.1636E-06  7.2216E-06  7.2412E-06  7.3228E-06  7.2906E-06  7.2494E-06  7.2151E-06
       7.1526E-06  7.0480E-06  7.0389E-06  7.0503E-06  7.0887E-06  7.1637E-06  7.2194E-06  7.2350E-06  7.2315E-06  7.2381E-06
       7.1889E-06  7.0916E-06  7.0663E-06  7.0592E-06  7.0436E-06  7.0862E-06  7.0980E-06  7.1983E-06  7.2337E-06  7.2431E-06
       7.2461E-06  7.1874E-06  7.1248E-06  7.0553E-06  7.0512E-06  7.0127E-06  7.0415E-06  7.0878E-06  7.1476E-06  7.1708E-06
       7.2257E-06  7.1830E-06  7.1625E-06  7.0883E-06  7.0584E-06  7.0037E-06  7.0086E-06  7.0427E-06  7.0487E-06  7.0953E-06
       7.1184E-06  7.1552E-06  7.1809E-06  7.1329E-06  7.1276E-06  7.0603E-06  7.0246E-06  7.0081E-06  7.0355E-06  7.0393E-06
       7.0819E-06  7.1061E-06  7.1768E-06  7.1563E-06  7.1715E-06  7.1399E-06  7.1207E-06  7.0474E-06  7.0322E-06  7.0697E-06
       7.0891E-06  7.0991E-06  7.1357E-06  7.1584E-06  7.1868E-06  7.2348E-06  7.1420E-06  7.0999E-06  7.0840E-06  7.0942E-06
       7.0621E-06  7.0670E-06  7.1025E-06  7.1548E-06  7.1538E-06  7.1502E-06  7.1939E-06  7.1546E-06  7.1459E-06  7.0985E-06
       7.0645E-06  7.0528E-06  7.0665E-06  7.0979E-06  7.1567E-06  7.1741E-06  7.1937E-06  7.2341E-06  7.2483E-06  7.1538E-06
       7.1491E-06  7.0899E-06  7.0728E-06  7.0601E-06  7.0875E-06  7.1112E-06  7.1688E-06  7.1801E-06  7.1588E-06  7.1475E-06
       7.1881E-06  7.1106E-06  7.1127E-06  7.0563E-06  7.0370E-06  7.0549E-06  7.0944E-06  7.1147E-06  7.1341E-06  7.1716E-06
       7.1975E-06  7.1360E-06  7.1303E-06  7.1398E-06  7.1013E-06  7.1127E-06  7.0960E-06  7.1111E-06  7.1738E-06  7.1530E-06
       7.1745E-06  7.1761E-06  7.2005E-06  7.1397E-06  7.0915E-06  7.0676E-06  7.0512E-06  7.0166E-06  7.0394E-06  7.0517E-06
       7.1063E-06  7.0868E-06  7.1265E-06  7.1147E-06  7.0932E-06  7.0954E-06  7.0980E-06  7.0697E-06  7.0794E-06  7.0948E-06
       7.0937E-06  7.0917E-06  7.1114E-06  7.0927E-06  7.1451E-06  7.1388E-06  7.1175E-06  7.0735E-06  7.0511E-06  7.0703E-06
       7.0923E-06  7.0983E-06  7.1063E-06  7.1104E-06  7.1132E-06  7.1124E-06  7.1044E-06  7.0979E-06  7.1040E-06  7.1021E-06
       7.0669E-06  7.0588E-06  7.0581E-06  7.0772E-06  7.1099E-06  7.1412E-06  7.1448E-06  7.1414E-06  7.1393E-06  7.1183E-06
       7.1049E-06  7.1092E-06  7.1222E-06  7.1138E-06  7.1384E-06  7.1523E-06  7.1345E-06  7.1163E-06  7.1322E-06  7.1361E-06
       7.1302E-06  7.1149E-06  7.1564E-06  7.1390E-06  7.1262E-06  7.1854E-06  7.1838E-06  7.1527E-06  7.1960E-06  7.1860E-06
       7.1803E-06  7.1885E-06  7.1655E-06  7.1368E-06  7.1392E-06  7.1440E-06  7.1323E-06  7.1277E-06  7.1408E-06  7.1440E-06
       7.1527E-06  7.1212E-06  7.1252E-06  7.1396E-06  7.1399E-06  7.1448E-06  7.1236E-06  7.1210E-06  7.1369E-06  7.1484E-06
       7.1651E-06  7.2021E-06  7.1997E-06  7.1648E-06  7.1385E-06  7.1907E-06  7.1776E-06  7.1498E-06  7.1219E-06  7.1220E-06
       7.1265E-06  7.1357E-06  7.1098E-06  7.0970E-06  7.1258E-06  7.1131E-06  7.0877E-06  7.1025E-06  7.0725E-06  7.0882E-06
       7.0977E-06  7.0720E-06  7.0778E-06  7.1061E-06  7.1104E-06  7.1261E-06  7.1384E-06  7.0951E-06  7.0812E-06  7.1138E-06
       7.1180E-06  7.1115E-06  7.1175E-06  7.1155E-06  7.1172E-06  7.1246E-06  7.1271E-06  7.1213E-06  7.1298E-06  7.1440E-06
       7.1621E-06  7.1350E-06  7.0897E-06  7.1224E-06  7.1075E-06  7.1402E-06  7.1639E-06  7.1273E-06  7.1281E-06  7.1256E-06
       7.1527E-06  7.1719E-06  7.1710E-06  7.1606E-06  7.1559E-06  7.1705E-06  7.1551E-06  7.1534E-06  7.1646E-06  7.2004E-06
       7.2266E-06  7.2346E-06  7.2184E-06  7.2225E-06  7.2166E-06  7.2024E-06  7.1636E-06  7.2117E-06  7.2071E-06  7.2113E-06
       7.1788E-06  7.1963E-06  7.1805E-06  7.1778E-06  7.1630E-06  7.2070E-06  7.1818E-06  7.1708E-06  7.2021E-06  7.1706E-06
       7.1903E-06  7.1711E-06  7.1853E-06  7.1715E-06  7.1480E-06  7.1866E-06  7.1839E-06  7.1468E-06  7.1508E-06  7.2008E-06
       7.1922E-06  7.1865E-06  7.1516E-06  7.1452E-06  7.1426E-06  7.1362E-06  7.1525E-06  7.1500E-06  7.1462E-06  7.1309E-06
       7.1384E-06  7.1141E-06  7.1412E-06  7.1760E-06  7.1753E-06  7.1815E-06  7.1802E-06  7.1676E-06  7.1648E-06  7.1424E-06
       7.1664E-06  7.1441E-06  7.1430E-06  7.1665E-06  7.1441E-06  7.1487E-06  7.1799E-06  7.1651E-06  7.1413E-06  7.1617E-06
       7.1670E-06  7.1856E-06  7.1951E-06  7.1733E-06  7.1905E-06  7.1961E-06  7.2034E-06  7.1932E-06  7.1972E-06  7.1680E-06
       7.2018E-06  7.1902E-06  7.1896E-06  7.2034E-06  7.2024E-06  7.1528E-06  7.1469E-06  7.1358E-06  7.1824E-06  7.1587E-06
       7.2095E-06  7.2089E-06  7.2079E-06  7.2377E-06  7.2315E-06  7.2078E-06  7.1799E-06  7.1903E-06  7.2097E-06  7.2049E-06
       7.1998E-06  7.2037E-06  7.2055E-06  7.1916E-06  7.2159E-06  7.2234E-06  7.2073E-06  7.1855E-06  7.1973E-06  7.1565E-06
       7.1801E-06  7.1462E-06  7.1889E-06  7.1722E-06  7.1869E-06  7.2218E-06  7.1746E-06  7.1585E-06  7.1425E-06  7.1471E-06
       7.1529E-06  7.1587E-06  7.1891E-06  7.1206E-06  7.1358E-06  7.0891E-06  7.0713E-06  7.0513E-06  7.0220E-06  6.9878E-06
       7.0208E-06  6.9832E-06  6.9573E-06  6.8736E-06  6.8361E-06  6.7468E-06  6.6456E-06  6.5390E-06  6.4414E-06  6.2921E-06
       6.1443E-06  5.9817E-06  5.7971E-06  5.5622E-06  5.3149E-06  5.0059E-06  4.7306E-06  4.4105E-06  4.0978E-06  3.7424E-06
       3.3054E-06  2.9313E-06  2.5857E-06  2.2415E-06  1.8988E-06  1.5750E-06  1.3052E-06  1.0713E-06  8.2644E-07  6.5503E-07
       5.1061E-07  3.8813E-07  2.7643E-07  2.0107E-07  1.4289E-07  1.1603E-07  7.4652E-08  5.4163E-08  3.4463E-08  2.2057E-08
       1.3367E-08  1.0549E-08  7.1508E-09  4.2377E-09  2.0160E-09  1.8684E-09  2.1445E-09  1.4567E-09  3.1996E-09  2.0554E-09
       1.7061E-09  2.0459E-09  1.6327E-09  2.7190E-09  1.2945E-09  1.1171E-09  9.0107E-10  1.1000E-09  1.1295E-09  1.3933E-09
       1.1919E-09  8.5680E-10  9.8230E-10  2.3445E-09  8.1272E-10  7.4551E-10  1.3133E-09  4.7763E-09  1.0734E-09  1.8042E-09
       1.1679E-09  1.7711E-09  4.4186E-09  1.8754E-09  1.8355E-09  2.5228E-09  2.1194E-09  1.6161E-09  2.6851E-09  1.6908E-09
       2.0266E-09  1.7799E-09  2.4603E-09  2.7118E-09  1.9225E-09  2.2640E-09  3.4501E-09  1.9997E-09  2.8617E-09  2.8643E-09
       3.0977E-09  1.9693E-09  1.2169E-09  1.1093E-09  1.0510E-09  1.1089E-09  1.8290E-09  6.4215E-10  1.0877E-09  1.5971E-09
       1.1160E-08  3.5034E-09  2.2745E-09  3.1849E-09  1.7965E-09  1.7044E-09  1.8835E-09  9.3870E-10  7.5262E-10  7.8094E-10
       1.4427E-09  8.4846E-10  5.3231E-09  9.4916E-10  2.5086E-09  7.6091E-10  7.0075E-10  1.0011E-09  1.5644E-09  9.7866E-10
       9.9951E-10  9.0496E-10  2.9175E-09  8.0164E-10  2.0101E-09  1.4477E-09  8.6713E-10  1.2268E-09  1.2267E-09  3.5684E-09
       1.8926E-09  2.7311E-09  2.3299E-09  1.7911E-09  1.4884E-09  1.7176E-09  1.7112E-09  2.3744E-09  3.0047E-09  4.1325E-09
       2.0928E-09  1.7592E-09  1.4336E-09  2.0792E-09  2.4726E-09  2.3485E-09  4.0075E-09  1.6195E-09  2.1345E-09  1.8136E-09
       2.4113E-09  1.9552E-09  2.1311E-09  1.9173E-09  1.1487E-09  2.1372E-09  7.6400E-10  6.5430E-10  1.5015E-09  1.2053E-09
       2.5321E-09  1.0380E-09  7.3738E-10  2.0043E-09  1.5155E-09  1.3355E-09  2.8930E-09  1.0438E-09  9.3318E-10  9.6003E-10
       9.9558E-10  2.2907E-09  9.9060E-10  1.2175E-09  1.4416E-09  1.9005E-09  2.0914E-09  2.2012E-09  3.9552E-09  4.1882E-09
       3.9045E-09  1.6305E-09  1.7291E-09  1.2272E-09  3.0641E-09  2.1076E-09  1.6191E-09  1.5216E-09  2.4447E-09  2.6775E-09
       1.9730E-09  2.0738E-09  2.2550E-09  2.7683E-09  2.5524E-09  1.0198E-09  2.2813E-09  1.0795E-09  7.9827E-10  2.3003E-09
       2.3206E-09  2.8719E-09  2.3286E-09  1.9681E-09  1.3557E-09  1.7798E-09  2.6807E-09  1.1813E-09  8.4368E-10  7.8721E-10
       7.8803E-10  1.1042E-09  1.9196E-09  2.5170E-09  9.4489E-10  1.1923E-09  1.5783E-09  9.0299E-10  1.0216E-09  9.1210E-10
       1.0317E-09  1.4305E-09  1.8896E-09  1.7391E-09  1.9720E-09  1.6129E-09  2.0468E-09  1.6578E-09  2.2788E-09  2.2534E-09
       1.2452E-09  1.4942E-09  1.2506E-09  1.6316E-09  2.1030E-09  1.2274E-09  1.9165E-09  2.1450E-09  1.9030E-09  2.2093E-09
       2.5018E-09  2.8536E-09  2.0253E-09  3.0522E-09  1.2160E-09  1.6881E-09  1.5551E-09  1.5518E-09  1.0938E-09  9.0059E-10
       1.8754E-09  1.0473E-09  2.9300E-09  1.7160E-09  1.6988E-09  2.2690E-09  3.8093E-09  4.2350E-09  2.8440E-09  9.1475E-10
       1.0523E-09  1.3958E-09  1.7074E-09  9.3812E-10  8.9196E-10  2.6034E-09  1.1838E-09  1.7692E-09  8.1584E-10  1.6666E-09
       9.5044E-10  1.0930E-09  1.2891E-09  1.1864E-09  1.1498E-09  1.7494E-09  3.0005E-09  2.6129E-09  6.1471E-10  9.2843E-10
       7.9880E-10  1.3119E-09  1.9966E-09  1.2221E-09  1.2983E-09  1.2123E-09  2.4154E-09  2.0921E-09  2.2920E-09  4.4148E-09
       1.1970E-09  1.2278E-09  1.3095E-09  2.2218E-09  1.2159E-09  1.0310E-09  8.7386E-10  7.6499E-10  6.6452E-10  1.0935E-09
       1.1252E-09  1.1492E-09  1.2023E-09  1.5320E-09  2.2773E-09  1.2604E-09  3.0669E-09  3.7678E-09  1.6867E-09  3.7891E-09
       3.2091E-09  3.4318E-09  3.0636E-09  2.0183E-09  1.7491E-09  4.0858E-09  3.2650E-09  1.5355E-09  8.0003E-09  1.4781E-09
       1.4889E-09  1.6630E-09  1.4767E-09  2.3784E-09  1.3577E-09  1.5610E-09  1.9745E-09  1.3244E-09  1.3107E-09  1.5013E-09
       1.7312E-09  2.5575E-09  1.9872E-09  1.6603E-09  1.9682E-09  2.3617E-09  1.8067E-09  1.9585E-09  3.1124E-09  2.4418E-09
       3.2171E-09  3.9496E-09  2.9529E-09  1.9975E-09  1.1726E-09  1.2709E-09  1.3136E-09  1.1653E-09  1.7403E-09  1.1904E-09
       1.1397E-09  1.2714E-09  1.2247E-09  1.6748E-09  1.6932E-09  2.4736E-09  1.0920E-09  8.8079E-10  9.2481E-10  9.3973E-10
       1.7231E-09  3.9543E-09  5.0461E-09  2.7508E-09  1.7782E-09  3.3093E-09  2.9657E-09  2.1120E-09  3.2915E-09  3.2079E-09
       3.4709E-09  2.4065E-09  2.5467E-09  2.2251E-09  2.3985E-09  2.5456E-09  2.4613E-09  2.9921E-09  2.0034E-09  2.2520E-09
       4.6097E-09  3.6199E-09  3.3842E-09  3.0776E-09  3.1863E-09  2.0838E-09  2.0871E-09  2.1427E-09  2.3405E-09  2.2204E-09
       2.6893E-09  2.9866E-09  2.0510E-09  1.1938E-09  1.8176E-09  1.7128E-09  3.0108E-09  1.9037E-09  2.3771E-09  9.6275E-10
       2.9208E-09  2.8408E-09  1.2406E-09  1.4062E-09  1.5966E-09  2.1194E-09  1.8412E-09  8.7229E-10  8.3964E-10  8.7712E-10
