
 *****                                                                                    *****

           DATE:  3/28/22,  TIME: 20:37:34

          Total number of particles followed         100000, for a total weight of  1.0000E+05

1
   Cartesian binning n.   1  "E1        " , generalized particle n.  208
      X coordinate: from -2.5000E+01 to  2.5000E+01 cm,     1 bins ( 5.0000E+01 cm wide)
      Y coordinate: from -2.5000E+01 to  2.5000E+01 cm,     1 bins ( 5.0000E+01 cm wide)
      Z coordinate: from  0.0000E+00 to  5.0000E+00 cm,  1000 bins ( 5.0000E-03 cm wide)
      Data follow in a matrix A(ix,iy,iz), format (1(5x,1p,10(1x,e11.4)))

      accurate deposition along the tracks requested
       5.2187E-06  5.1995E-06  5.2273E-06  5.2114E-06  5.2089E-06  5.2091E-06  5.2246E-06  5.2308E-06  5.2554E-06  5.2522E-06
       5.3180E-06  5.3324E-06  5.3224E-06  5.3148E-06  5.3319E-06  5.3223E-06  5.3522E-06  5.3588E-06  5.3924E-06  5.3773E-06
       5.3989E-06  5.3600E-06  5.3759E-06  5.3763E-06  5.3829E-06  5.4110E-06  5.3986E-06  5.4511E-06  5.4342E-06  5.4424E-06
       5.4745E-06  5.4863E-06  5.4472E-06  5.4611E-06  5.4570E-06  5.4971E-06  5.5271E-06  5.5228E-06  5.5093E-06  5.5317E-06
       5.5187E-06  5.5411E-06  5.5418E-06  5.5333E-06  5.5445E-06  5.6070E-06  5.6187E-06  5.5659E-06  5.5841E-06  5.6095E-06
       5.6291E-06  5.5927E-06  5.5927E-06  5.6409E-06  5.6464E-06  5.6212E-06  5.6892E-06  5.6782E-06  5.6914E-06  5.6862E-06
       5.6819E-06  5.6741E-06  5.6664E-06  5.7005E-06  5.6762E-06  5.7012E-06  5.7056E-06  5.7072E-06  5.7357E-06  5.7392E-06
       5.7810E-06  5.7982E-06  5.7903E-06  5.7968E-06  5.7709E-06  5.8183E-06  5.8095E-06  5.8121E-06  5.8263E-06  5.8298E-06
       5.8479E-06  5.8370E-06  5.8541E-06  5.8885E-06  5.9420E-06  5.9077E-06  5.9098E-06  5.9038E-06  5.9261E-06  5.9330E-06
       5.9821E-06  5.9877E-06  5.9675E-06  5.9863E-06  5.9935E-06  5.9826E-06  6.0076E-06  6.0491E-06  6.0497E-06  6.0511E-06
       6.0981E-06  6.0926E-06  6.0886E-06  6.1108E-06  6.1633E-06  6.1716E-06  6.1562E-06  6.1365E-06  6.1505E-06  6.1314E-06
       6.1764E-06  6.1681E-06  6.2012E-06  6.2484E-06  6.2697E-06  6.2769E-06  6.2576E-06  6.2738E-06  6.2738E-06  6.2540E-06
       6.3020E-06  6.2697E-06  6.3122E-06  6.3353E-06  6.3192E-06  6.3347E-06  6.3568E-06  6.3846E-06  6.3778E-06  6.4233E-06
       6.4346E-06  6.4385E-06  6.4592E-06  6.4933E-06  6.5109E-06  6.5348E-06  6.5518E-06  6.5224E-06  6.5451E-06  6.6138E-06
       6.6537E-06  6.6651E-06  6.7068E-06  6.7382E-06  6.7863E-06  6.7687E-06  6.8104E-06  6.8267E-06  6.8777E-06  6.9308E-06
       7.0137E-06  7.0367E-06  7.0690E-06  7.0787E-06  7.0041E-06  6.9907E-06  6.9795E-06  6.9697E-06  6.9929E-06  7.0570E-06
       7.1223E-06  7.1950E-06  7.2517E-06  7.2830E-06  7.2540E-06  7.1668E-06  7.0950E-06  7.0442E-06  6.9928E-06  7.0240E-06
       7.0923E-06  7.1520E-06  7.2265E-06  7.3303E-06  7.2676E-06  7.2349E-06  7.1803E-06  7.0864E-06  7.0036E-06  6.9923E-06
       6.9988E-06  7.0379E-06  7.0972E-06  7.1648E-06  7.2464E-06  7.3441E-06  7.2623E-06  7.1653E-06  7.1063E-06  7.0522E-06
       7.0261E-06  6.9756E-06  7.0573E-06  7.0556E-06  7.1527E-06  7.1823E-06  7.2477E-06  7.2173E-06  7.2010E-06  7.1075E-06
       7.0941E-06  6.9869E-06  6.9659E-06  7.0055E-06  7.0327E-06  7.1069E-06  7.1526E-06  7.1731E-06  7.1978E-06  7.1500E-06
       7.1372E-06  7.1007E-06  7.0676E-06  7.0310E-06  7.0124E-06  7.0435E-06  7.1134E-06  7.1615E-06  7.1741E-06  7.1817E-06
       7.1709E-06  7.1547E-06  7.1187E-06  7.0302E-06  7.0397E-06  7.0298E-06  7.0582E-06  7.1232E-06  7.1479E-06  7.1837E-06
       7.1981E-06  7.1871E-06  7.1518E-06  7.1001E-06  7.0769E-06  7.0425E-06  7.0589E-06  7.0439E-06  7.0530E-06  7.1437E-06
       7.1958E-06  7.2366E-06  7.1948E-06  7.2156E-06  7.1230E-06  7.0862E-06  7.0780E-06  7.0707E-06  7.0338E-06  7.0827E-06
       7.1345E-06  7.1781E-06  7.1960E-06  7.2105E-06  7.1992E-06  7.1592E-06  7.1242E-06  7.0469E-06  7.0650E-06  7.0642E-06
       7.0972E-06  7.1229E-06  7.1597E-06  7.1853E-06  7.1863E-06  7.1579E-06  7.1496E-06  7.1202E-06  7.1019E-06  7.0511E-06
       7.0821E-06  7.0688E-06  7.1112E-06  7.1191E-06  7.1664E-06  7.1621E-06  7.1847E-06  7.1997E-06  7.1527E-06  7.0913E-06
       7.0852E-06  7.0728E-06  7.0764E-06  7.1161E-06  7.1726E-06  7.1638E-06  7.1709E-06  7.1937E-06  7.1729E-06  7.1541E-06
       7.1503E-06  7.1224E-06  7.1152E-06  7.1087E-06  7.1261E-06  7.1153E-06  7.1266E-06  7.1518E-06  7.1677E-06  7.1564E-06
       7.1531E-06  7.1119E-06  7.1136E-06  7.1017E-06  7.0741E-06  7.0872E-06  7.1164E-06  7.1486E-06  7.1314E-06  7.1689E-06
       7.1767E-06  7.1519E-06  7.1761E-06  7.1510E-06  7.1318E-06  7.0906E-06  7.1099E-06  7.1139E-06  7.1297E-06  7.1862E-06
       7.1514E-06  7.2073E-06  7.2244E-06  7.1716E-06  7.1407E-06  7.1273E-06  7.0963E-06  7.1021E-06  7.0799E-06  7.1398E-06
       7.1639E-06  7.1769E-06  7.1640E-06  7.1837E-06  7.1787E-06  7.1365E-06  7.1527E-06  7.1236E-06  7.0933E-06  7.1072E-06
       7.1369E-06  7.1551E-06  7.1729E-06  7.1586E-06  7.1650E-06  7.1421E-06  7.1555E-06  7.1593E-06  7.0910E-06  7.1176E-06
       7.1180E-06  7.1049E-06  7.1521E-06  7.1384E-06  7.1757E-06  7.1933E-06  7.1609E-06  7.1666E-06  7.1927E-06  7.2033E-06
       7.1873E-06  7.1448E-06  7.1360E-06  7.1608E-06  7.1589E-06  7.1682E-06  7.1324E-06  7.1416E-06  7.1873E-06  7.1486E-06
       7.1281E-06  7.1449E-06  7.1455E-06  7.1334E-06  7.1215E-06  7.1574E-06  7.1785E-06  7.2035E-06  7.1601E-06  7.1699E-06
       7.1867E-06  7.1842E-06  7.1527E-06  7.1503E-06  7.1110E-06  7.1372E-06  7.1375E-06  7.1651E-06  7.1764E-06  7.1579E-06
       7.1676E-06  7.1623E-06  7.1740E-06  7.1774E-06  7.1730E-06  7.1691E-06  7.1271E-06  7.1364E-06  7.1654E-06  7.1639E-06
       7.1847E-06  7.1678E-06  7.1525E-06  7.1622E-06  7.1515E-06  7.1465E-06  7.1262E-06  7.1360E-06  7.0971E-06  7.0966E-06
       7.1775E-06  7.1542E-06  7.1469E-06  7.1788E-06  7.1658E-06  7.1320E-06  7.1247E-06  7.1544E-06  7.1432E-06  7.1029E-06
       7.1301E-06  7.1419E-06  7.1282E-06  7.1601E-06  7.1692E-06  7.1591E-06  7.1412E-06  7.1398E-06  7.1338E-06  7.1183E-06
       7.1252E-06  7.1311E-06  7.1283E-06  7.1353E-06  7.1333E-06  7.1435E-06  7.1278E-06  7.0977E-06  7.1082E-06  7.1574E-06
       7.1472E-06  7.1051E-06  7.1401E-06  7.1573E-06  7.1495E-06  7.1482E-06  7.1149E-06  7.1205E-06  7.1171E-06  7.1364E-06
       7.1713E-06  7.1530E-06  7.1505E-06  7.1543E-06  7.1331E-06  7.1199E-06  7.1398E-06  7.1756E-06  7.1515E-06  7.1382E-06
       7.1798E-06  7.2054E-06  7.1870E-06  7.2071E-06  7.2090E-06  7.1395E-06  7.1434E-06  7.1172E-06  7.1166E-06  7.1408E-06
       7.1551E-06  7.1432E-06  7.1611E-06  7.1580E-06  7.1447E-06  7.1553E-06  7.1663E-06  7.1705E-06  7.1733E-06  7.1903E-06
       7.1740E-06  7.1228E-06  7.1631E-06  7.1585E-06  7.1714E-06  7.1655E-06  7.1735E-06  7.1673E-06  7.1541E-06  7.1693E-06
       7.1688E-06  7.1657E-06  7.1906E-06  7.1846E-06  7.1502E-06  7.1358E-06  7.1425E-06  7.1267E-06  7.1366E-06  7.1266E-06
       7.1308E-06  7.1243E-06  7.1419E-06  7.1837E-06  7.2079E-06  7.1872E-06  7.1641E-06  7.1411E-06  7.1626E-06  7.1436E-06
       7.1221E-06  7.1333E-06  7.1533E-06  7.1304E-06  7.1421E-06  7.1538E-06  7.1244E-06  7.1330E-06  7.1601E-06  7.1444E-06
       7.1734E-06  7.1845E-06  7.1844E-06  7.1732E-06  7.1590E-06  7.1777E-06  7.1686E-06  7.1768E-06  7.1662E-06  7.1775E-06
       7.1854E-06  7.2201E-06  7.2024E-06  7.1895E-06  7.1822E-06  7.1720E-06  7.1971E-06  7.1713E-06  7.1780E-06  7.1897E-06
       7.2305E-06  7.2323E-06  7.2223E-06  7.2144E-06  7.1937E-06  7.1674E-06  7.1642E-06  7.1853E-06  7.2076E-06  7.1868E-06
       7.2177E-06  7.1913E-06  7.1924E-06  7.2040E-06  7.2416E-06  7.2287E-06  7.2167E-06  7.2254E-06  7.2028E-06  7.2021E-06
       7.1914E-06  7.2118E-06  7.2191E-06  7.2661E-06  7.2880E-06  7.2744E-06  7.2592E-06  7.2330E-06  7.2536E-06  7.2109E-06
       7.2636E-06  7.2453E-06  7.2528E-06  7.2602E-06  7.2293E-06  7.2066E-06  7.2039E-06  7.1995E-06  7.1900E-06  7.1799E-06
       7.2150E-06  7.2093E-06  7.2166E-06  7.2111E-06  7.1993E-06  7.1707E-06  7.1546E-06  7.1603E-06  7.1563E-06  7.1127E-06
       7.0573E-06  6.9918E-06  6.9809E-06  6.9522E-06  6.8764E-06  6.8712E-06  6.7931E-06  6.6407E-06  6.5505E-06  6.4207E-06
       6.2228E-06  6.0403E-06  5.8560E-06  5.6069E-06  5.3881E-06  5.0518E-06  4.8068E-06  4.4860E-06  4.1345E-06  3.7541E-06
       3.3571E-06  2.9884E-06  2.6412E-06  2.2676E-06  1.9316E-06  1.5918E-06  1.2977E-06  1.0573E-06  8.1313E-07  6.2286E-07
       4.7416E-07  3.5301E-07  2.5255E-07  1.8002E-07  1.1795E-07  9.0391E-08  5.4980E-08  3.8116E-08  2.3149E-08  1.4430E-08
       9.6751E-09  8.6908E-09  4.7789E-09  3.8588E-09  3.9228E-09  1.9888E-09  3.5665E-09  3.3223E-09  1.5703E-09  2.2783E-09
       2.2706E-09  2.7604E-09  4.3825E-09  3.0705E-09  3.5744E-09  2.8097E-09  2.6316E-09  3.4929E-09  1.8324E-09  3.5840E-09
       2.3801E-09  1.7583E-09  1.2558E-09  2.8883E-09  2.2642E-09  2.7168E-09  2.1044E-09  2.6815E-09  1.0365E-09  1.7747E-09
       1.5325E-09  1.2128E-09  1.1224E-09  1.2453E-09  1.0049E-09  2.5600E-09  2.4506E-09  2.2295E-09  3.5954E-09  1.7313E-09
       9.3902E-10  1.0983E-09  1.9317E-09  1.1589E-09  1.5446E-09  1.9388E-09  2.6687E-09  2.0012E-09  1.9523E-09  1.0290E-09
       1.0629E-09  3.1398E-09  1.3886E-09  5.4143E-09  2.1017E-09  9.5014E-10  1.4016E-09  8.1387E-10  9.1467E-10  1.0969E-09
       1.4192E-09  2.1834E-09  1.8721E-09  1.9464E-09  1.9791E-09  2.1044E-09  2.9618E-09  1.8101E-09  4.2944E-09  1.0832E-09
       1.6521E-09  1.6733E-09  2.6078E-09  9.8001E-10  1.2569E-09  3.1031E-09  2.1098E-09  2.0141E-09  2.5696E-09  2.1705E-09
       3.5543E-09  1.2463E-09  1.3329E-09  1.6123E-09  1.9723E-09  1.4984E-09  1.6308E-09  1.8452E-09  2.2623E-09  2.5404E-09
       2.6743E-09  1.1607E-09  1.0433E-09  1.5268E-09  1.0897E-09  1.3362E-09  1.6538E-09  1.1926E-09  1.6465E-09  1.4073E-09
       1.4824E-09  1.8675E-09  3.0513E-09  1.9030E-09  3.6523E-09  2.9689E-09  2.8589E-09  3.0991E-09  1.9515E-09  4.0087E-09
       1.8101E-09  1.2894E-09  1.4006E-09  1.8913E-09  1.5670E-09  1.6733E-09  9.2217E-09  3.5122E-09  1.6345E-09  1.7187E-09
       4.4744E-09  4.9083E-09  2.5266E-09  3.4004E-09  2.6303E-09  2.7920E-09  3.8599E-09  1.9296E-09  1.3694E-09  3.0635E-09
       4.0624E-09  1.9373E-09  2.4516E-09  2.1312E-09  2.6240E-09  1.5431E-09  1.5097E-09  2.4012E-09  8.7412E-10  6.8114E-10
       8.7081E-10  2.0273E-09  7.6475E-10  1.0527E-09  1.7280E-09  1.5138E-09  3.4651E-09  1.5489E-09  1.6484E-09  1.9533E-09
       1.9998E-09  8.1067E-10  1.1902E-09  1.0570E-09  1.7631E-09  2.2003E-09  4.3979E-09  4.0085E-09  4.5112E-09  2.7160E-09
       1.9239E-09  1.4558E-09  1.3493E-09  1.2446E-09  3.4516E-09  3.1168E-09  2.4430E-09  1.2285E-09  1.2137E-09  2.1267E-09
       3.3764E-09  3.6069E-09  7.5837E-10  7.7700E-10  5.3295E-09  8.4926E-10  2.3836E-09  6.0161E-10  1.5609E-09  1.3151E-09
       1.7500E-09  2.4054E-09  1.7104E-09  1.8708E-09  1.0701E-09  1.7792E-09  1.5224E-09  1.8438E-09  1.5314E-09  6.8223E-10
       1.1493E-09  6.4567E-10  9.6293E-10  6.9570E-10  2.9383E-09  7.8934E-10  8.1701E-10  1.3299E-09  1.9923E-09  1.0755E-09
       1.7383E-09  2.6285E-09  4.1535E-09  2.2555E-09  2.0906E-09  3.0893E-09  1.2349E-09  1.0552E-09  1.1415E-09  2.0126E-09
       1.2050E-09  2.1051E-09  1.1489E-09  3.5137E-09  1.1394E-09  2.0990E-09  2.4980E-09  2.0022E-09  2.1808E-09  1.5554E-09
       2.7071E-09  2.6338E-09  1.9584E-09  2.3279E-09  1.0322E-09  2.8572E-09  1.1836E-09  1.7917E-09  1.3733E-09  2.1737E-09
       2.8327E-09  1.9125E-09  1.3834E-09  9.8292E-10  1.1311E-09  1.1644E-09  2.0964E-09  2.0751E-09  1.5446E-09  2.2808E-09
       1.5564E-09  1.9036E-09  8.3872E-10  7.6257E-10  1.0032E-09  1.7274E-09  1.2443E-09  2.4788E-09  1.4348E-09  1.5019E-09
       1.4518E-09  1.5559E-09  1.9810E-09  1.7019E-09  1.9719E-09  3.2545E-09  6.7568E-10  7.5864E-10  7.8684E-10  1.1852E-09
       8.9578E-10  1.3765E-09  8.0279E-10  2.2008E-09  1.1625E-09  1.3644E-09  8.6058E-10  8.0515E-10  9.8935E-10  7.9328E-10
       2.1325E-09  8.9182E-10  1.7384E-09  7.6898E-10  1.0249E-09  1.2357E-09  8.1301E-10  4.2699E-09  1.0925E-09  9.3198E-10
       1.0899E-09  1.0715E-09  1.9618E-09  1.0587E-09  1.0494E-09  1.9748E-09  2.8385E-09  6.7985E-10  8.5638E-10  9.6344E-10
       9.6076E-10  1.4650E-09  9.4982E-10  1.5587E-09  1.2334E-09  1.8816E-09  2.4364E-09  1.3516E-09  1.6477E-09  1.8732E-09
       9.6725E-10  8.3150E-10  7.6441E-10  8.3995E-10  1.0321E-09  8.4131E-10  9.6517E-10  1.9678E-09  9.9197E-10  1.0516E-09
       1.6050E-09  1.5095E-09  4.0190E-09  7.7444E-10  2.8459E-09  8.4606E-10  1.1365E-09  2.6207E-09  1.4498E-09  1.1764E-09
       1.4524E-09  1.8735E-09  1.9503E-09  1.1301E-09  1.6702E-09  1.3165E-09  8.6215E-10  2.3724E-09  1.9993E-09  1.5907E-09
       2.7208E-09  2.6187E-09  1.0304E-09  1.3017E-09  2.0718E-09  1.7588E-09  8.2203E-10  9.0011E-10  1.1964E-09  1.6372E-09
       1.8379E-09  4.0469E-09  1.0183E-09  7.9453E-10  9.0293E-10  1.8448E-09  2.8334E-09  1.4721E-09  1.1265E-09  8.2625E-10
       1.3175E-09  2.2435E-09  3.3461E-09  2.5110E-09  1.8050E-09  2.0935E-09  2.1733E-09  1.1695E-09  1.1570E-09  1.6798E-09
       1.5292E-09  2.0224E-09  1.7940E-09  2.0132E-09  1.9335E-09  2.3115E-09  2.3864E-09  5.0675E-09  2.5599E-09  2.3009E-09
