
 *****                                                                                    *****

           DATE:  3/28/22,  TIME: 20:39:05

          Total number of particles followed         100000, for a total weight of  1.0000E+05

1
   Cartesian binning n.   1  "E1        " , generalized particle n.  208
      X coordinate: from -2.5000E+01 to  2.5000E+01 cm,     1 bins ( 5.0000E+01 cm wide)
      Y coordinate: from -2.5000E+01 to  2.5000E+01 cm,     1 bins ( 5.0000E+01 cm wide)
      Z coordinate: from  0.0000E+00 to  5.0000E+00 cm,  1000 bins ( 5.0000E-03 cm wide)
      Data follow in a matrix A(ix,iy,iz), format (1(5x,1p,10(1x,e11.4)))

      accurate deposition along the tracks requested
       5.2259E-06  5.2254E-06  5.2071E-06  5.2229E-06  5.2311E-06  5.2629E-06  5.2394E-06  5.3041E-06  5.2845E-06  5.2902E-06
       5.3079E-06  5.3439E-06  5.3261E-06  5.3241E-06  5.3136E-06  5.3488E-06  5.3303E-06  5.3224E-06  5.3733E-06  5.3723E-06
       5.3927E-06  5.3719E-06  5.3488E-06  5.3601E-06  5.3761E-06  5.3732E-06  5.4210E-06  5.4595E-06  5.4598E-06  5.4719E-06
       5.4367E-06  5.4416E-06  5.4674E-06  5.4711E-06  5.4827E-06  5.5138E-06  5.5343E-06  5.5278E-06  5.5302E-06  5.5233E-06
       5.5196E-06  5.5205E-06  5.5228E-06  5.5335E-06  5.5230E-06  5.5374E-06  5.5730E-06  5.5756E-06  5.5866E-06  5.5836E-06
       5.5944E-06  5.6061E-06  5.6001E-06  5.6388E-06  5.6316E-06  5.6801E-06  5.6509E-06  5.6160E-06  5.6421E-06  5.6602E-06
       5.6711E-06  5.6886E-06  5.6853E-06  5.6803E-06  5.6905E-06  5.7014E-06  5.7010E-06  5.7261E-06  5.7469E-06  5.7923E-06
       5.7637E-06  5.7627E-06  5.7497E-06  5.7597E-06  5.7773E-06  5.8218E-06  5.8069E-06  5.8208E-06  5.8126E-06  5.8219E-06
       5.8397E-06  5.8212E-06  5.8492E-06  5.9033E-06  5.8902E-06  5.8754E-06  5.9496E-06  5.9606E-06  5.9201E-06  5.9400E-06
       5.9242E-06  5.9244E-06  5.9334E-06  5.9261E-06  5.9630E-06  5.9855E-06  6.0033E-06  6.0405E-06  6.0106E-06  6.0485E-06
       6.0415E-06  6.0613E-06  6.0680E-06  6.0867E-06  6.1031E-06  6.0835E-06  6.1021E-06  6.1568E-06  6.1583E-06  6.1600E-06
       6.1708E-06  6.1770E-06  6.1844E-06  6.2008E-06  6.2147E-06  6.1936E-06  6.2330E-06  6.2425E-06  6.2549E-06  6.2625E-06
       6.3136E-06  6.3438E-06  6.3482E-06  6.3282E-06  6.3399E-06  6.3289E-06  6.3550E-06  6.3497E-06  6.4074E-06  6.3997E-06
       6.4148E-06  6.4290E-06  6.4344E-06  6.4576E-06  6.4749E-06  6.5008E-06  6.5278E-06  6.5426E-06  6.5793E-06  6.6040E-06
       6.6396E-06  6.6459E-06  6.6718E-06  6.6830E-06  6.6975E-06  6.7379E-06  6.7614E-06  6.8010E-06  6.8703E-06  6.8575E-06
       6.9697E-06  6.9974E-06  7.0132E-06  6.9890E-06  6.9828E-06  6.9258E-06  6.9389E-06  6.9557E-06  6.9929E-06  7.0434E-06
       7.1259E-06  7.1781E-06  7.2612E-06  7.2812E-06  7.2352E-06  7.1803E-06  7.0691E-06  6.9700E-06  6.9397E-06  6.9832E-06
       7.0714E-06  7.1822E-06  7.2073E-06  7.2402E-06  7.2901E-06  7.2659E-06  7.2196E-06  7.1778E-06  7.0607E-06  7.0052E-06
       7.0056E-06  7.0742E-06  7.1289E-06  7.2200E-06  7.2679E-06  7.2865E-06  7.2646E-06  7.2105E-06  7.1601E-06  7.1063E-06
       7.0692E-06  7.0613E-06  7.0926E-06  7.1267E-06  7.1615E-06  7.2067E-06  7.2690E-06  7.2548E-06  7.2245E-06  7.1466E-06
       7.0982E-06  7.0595E-06  7.0562E-06  7.0720E-06  7.1022E-06  7.1538E-06  7.2041E-06  7.2736E-06  7.2402E-06  7.2226E-06
       7.1753E-06  7.0885E-06  7.0257E-06  6.9809E-06  6.9952E-06  7.0205E-06  7.0530E-06  7.1287E-06  7.2121E-06  7.2523E-06
       7.2535E-06  7.2124E-06  7.0983E-06  7.0612E-06  7.0201E-06  7.0116E-06  7.0315E-06  7.0912E-06  7.1524E-06  7.2155E-06
       7.2239E-06  7.2044E-06  7.1618E-06  7.1204E-06  7.0853E-06  7.0454E-06  7.0291E-06  7.0701E-06  7.0930E-06  7.1612E-06
       7.1901E-06  7.2088E-06  7.1945E-06  7.1660E-06  7.1201E-06  7.0928E-06  7.0775E-06  7.0419E-06  7.0754E-06  7.0994E-06
       7.1484E-06  7.1544E-06  7.1878E-06  7.1896E-06  7.1685E-06  7.1498E-06  7.0834E-06  7.0340E-06  7.0198E-06  7.0514E-06
       7.0826E-06  7.1019E-06  7.1483E-06  7.1802E-06  7.1570E-06  7.2166E-06  7.2009E-06  7.1505E-06  7.0789E-06  7.0602E-06
       7.0575E-06  7.0676E-06  7.0509E-06  7.1141E-06  7.1607E-06  7.1846E-06  7.2107E-06  7.2151E-06  7.1914E-06  7.1181E-06
       7.0823E-06  7.0505E-06  7.0822E-06  7.0700E-06  7.1057E-06  7.1693E-06  7.1755E-06  7.1652E-06  7.1943E-06  7.1750E-06
       7.1571E-06  7.1458E-06  7.1306E-06  7.1670E-06  7.1254E-06  7.1417E-06  7.1542E-06  7.1835E-06  7.2080E-06  7.1757E-06
       7.1757E-06  7.1184E-06  7.0977E-06  7.0841E-06  7.0448E-06  7.0513E-06  7.1300E-06  7.1543E-06  7.1466E-06  7.1670E-06
       7.1722E-06  7.1389E-06  7.1166E-06  7.1123E-06  7.1043E-06  7.0608E-06  7.0356E-06  7.0816E-06  7.0536E-06  7.0847E-06
       7.1124E-06  7.1146E-06  7.1446E-06  7.1568E-06  7.1558E-06  7.1277E-06  7.1426E-06  7.1255E-06  7.0951E-06  7.1265E-06
       7.1722E-06  7.1770E-06  7.1865E-06  7.2268E-06  7.2273E-06  7.1846E-06  7.1385E-06  7.1503E-06  7.1187E-06  7.1118E-06
       7.1588E-06  7.1357E-06  7.1493E-06  7.1815E-06  7.2047E-06  7.1914E-06  7.1606E-06  7.1251E-06  7.1084E-06  7.0850E-06
       7.1125E-06  7.1360E-06  7.0965E-06  7.1075E-06  7.1556E-06  7.1334E-06  7.1542E-06  7.1351E-06  7.1569E-06  7.1119E-06
       7.1109E-06  7.1063E-06  7.1232E-06  7.1050E-06  7.1188E-06  7.1615E-06  7.1320E-06  7.1291E-06  7.1390E-06  7.1337E-06
       7.1575E-06  7.1395E-06  7.1471E-06  7.1099E-06  7.1081E-06  7.1583E-06  7.1590E-06  7.1647E-06  7.1612E-06  7.1413E-06
       7.1142E-06  7.0842E-06  7.0813E-06  7.0994E-06  7.1058E-06  7.1153E-06  7.1272E-06  7.1326E-06  7.1407E-06  7.1501E-06
       7.1484E-06  7.1320E-06  7.1201E-06  7.0967E-06  7.1131E-06  7.1095E-06  7.1378E-06  7.1026E-06  7.1161E-06  7.1204E-06
       7.1541E-06  7.1083E-06  7.1145E-06  7.1245E-06  7.1431E-06  7.1197E-06  7.1025E-06  7.1211E-06  7.1213E-06  7.1088E-06
       7.1403E-06  7.1278E-06  7.1211E-06  7.1199E-06  7.1338E-06  7.1480E-06  7.1617E-06  7.1060E-06  7.0903E-06  7.1137E-06
       7.1013E-06  7.0880E-06  7.0882E-06  7.0932E-06  7.0935E-06  7.0959E-06  7.0964E-06  7.1505E-06  7.0909E-06  7.0834E-06
       7.1403E-06  7.1107E-06  7.1236E-06  7.1201E-06  7.1531E-06  7.1280E-06  7.1469E-06  7.1200E-06  7.1232E-06  7.1353E-06
       7.1444E-06  7.1404E-06  7.1365E-06  7.1584E-06  7.1552E-06  7.1234E-06  7.1473E-06  7.1543E-06  7.1551E-06  7.1439E-06
       7.1625E-06  7.1343E-06  7.1167E-06  7.1359E-06  7.1431E-06  7.1400E-06  7.1360E-06  7.1538E-06  7.1327E-06  7.1059E-06
       7.1181E-06  7.1110E-06  7.1095E-06  7.1224E-06  7.1265E-06  7.1127E-06  7.1102E-06  7.1238E-06  7.1122E-06  7.1266E-06
       7.1656E-06  7.1632E-06  7.1431E-06  7.1426E-06  7.1615E-06  7.1285E-06  7.1251E-06  7.1212E-06  7.1965E-06  7.1802E-06
       7.1901E-06  7.1973E-06  7.2026E-06  7.2446E-06  7.2602E-06  7.2197E-06  7.1818E-06  7.1781E-06  7.1859E-06  7.1784E-06
       7.1980E-06  7.1907E-06  7.2101E-06  7.2137E-06  7.2049E-06  7.2083E-06  7.2119E-06  7.2547E-06  7.2240E-06  7.2500E-06
       7.2223E-06  7.2143E-06  7.2494E-06  7.2198E-06  7.2356E-06  7.2260E-06  7.2490E-06  7.2220E-06  7.2206E-06  7.2544E-06
       7.2225E-06  7.2103E-06  7.2171E-06  7.2488E-06  7.2496E-06  7.2199E-06  7.2362E-06  7.2432E-06  7.2199E-06  7.2036E-06
       7.2055E-06  7.2133E-06  7.2081E-06  7.2099E-06  7.1997E-06  7.1982E-06  7.2036E-06  7.1770E-06  7.1622E-06  7.1676E-06
       7.2069E-06  7.1824E-06  7.1861E-06  7.2143E-06  7.1990E-06  7.2210E-06  7.1780E-06  7.2098E-06  7.2044E-06  7.2305E-06
       7.2522E-06  7.2170E-06  7.1971E-06  7.2006E-06  7.1988E-06  7.2041E-06  7.2215E-06  7.2172E-06  7.2417E-06  7.2247E-06
       7.2332E-06  7.2301E-06  7.2715E-06  7.2946E-06  7.2844E-06  7.2660E-06  7.2561E-06  7.2683E-06  7.2539E-06  7.2536E-06
       7.2518E-06  7.2381E-06  7.2217E-06  7.2240E-06  7.1976E-06  7.1908E-06  7.2112E-06  7.2069E-06  7.1858E-06  7.1967E-06
       7.2333E-06  7.2097E-06  7.2321E-06  7.2728E-06  7.2607E-06  7.2074E-06  7.1826E-06  7.2144E-06  7.1937E-06  7.1929E-06
       7.2268E-06  7.2317E-06  7.2393E-06  7.2723E-06  7.2405E-06  7.2145E-06  7.1947E-06  7.1687E-06  7.1316E-06  7.1650E-06
       7.1552E-06  7.0651E-06  7.0345E-06  6.9768E-06  6.8885E-06  6.8201E-06  6.7786E-06  6.7017E-06  6.5680E-06  6.4199E-06
       6.2295E-06  6.0777E-06  5.8895E-06  5.6581E-06  5.4172E-06  5.1053E-06  4.7967E-06  4.5385E-06  4.1710E-06  3.7570E-06
       3.3532E-06  2.9712E-06  2.6522E-06  2.2975E-06  1.9160E-06  1.5837E-06  1.3136E-06  1.0552E-06  8.0633E-07  5.9860E-07
       4.7387E-07  3.4149E-07  2.5766E-07  1.8824E-07  1.3968E-07  8.5999E-08  6.2318E-08  3.9608E-08  1.8991E-08  1.6877E-08
       7.1100E-09  6.8915E-09  6.5918E-09  2.9335E-09  2.5545E-09  2.3959E-09  1.7085E-09  1.7913E-09  2.7287E-09  3.8697E-09
       1.6954E-09  1.8456E-09  2.6519E-09  2.9109E-09  2.0325E-09  1.0104E-09  1.8247E-09  1.4246E-09  1.4013E-09  1.2490E-09
       1.5615E-09  1.6657E-09  2.2574E-09  4.4115E-09  2.4170E-09  1.4413E-09  3.1634E-09  3.8427E-09  2.4069E-09  3.1214E-09
       3.4001E-09  2.9408E-09  2.0788E-09  1.5283E-09  3.3310E-09  2.3433E-09  3.4115E-09  2.7825E-09  4.0304E-09  2.6759E-09
       2.9020E-09  2.3941E-09  2.8561E-09  4.5519E-09  4.9141E-09  4.0325E-09  3.5080E-09  2.8715E-09  3.7229E-09  6.5937E-09
       4.2160E-09  2.8187E-09  1.4803E-09  1.2891E-09  1.3967E-09  1.5597E-09  1.1537E-09  3.8792E-09  1.7063E-09  1.1827E-09
       1.6318E-09  1.4606E-09  1.0950E-09  1.1718E-09  2.0009E-09  2.5855E-09  1.0443E-09  1.1435E-09  1.9628E-09  2.8090E-09
       1.2784E-09  1.4440E-09  1.3576E-09  1.4341E-09  1.7613E-09  1.1257E-09  3.6042E-09  2.9098E-09  2.8881E-09  1.8454E-09
       1.9810E-09  2.3698E-09  2.2165E-09  2.6667E-09  2.1369E-09  1.7309E-09  4.1479E-09  1.4243E-09  1.8522E-09  2.4934E-09
       1.6507E-09  1.6330E-09  1.5983E-09  2.0782E-09  1.8839E-09  2.1740E-09  2.6135E-09  2.4325E-09  3.2444E-09  5.8503E-09
       1.6981E-09  2.0296E-09  1.7040E-09  1.0013E-09  1.2926E-09  1.2070E-09  2.4250E-09  1.0988E-09  1.0928E-09  9.0257E-10
       1.2683E-09  3.9276E-09  4.2294E-09  5.7350E-09  4.4361E-09  1.8669E-09  1.1180E-09  1.2717E-09  1.2605E-09  1.3787E-09
       1.5938E-09  2.1471E-09  3.1241E-09  3.7768E-09  2.0497E-09  1.9287E-09  3.0089E-09  1.1432E-09  2.1963E-09  1.5644E-09
       3.3840E-09  2.6107E-09  2.3350E-09  2.8483E-09  2.2688E-09  2.4825E-09  3.0165E-09  8.7271E-10  9.2053E-10  5.8804E-10
       5.9308E-10  5.3428E-10  7.9879E-10  1.1358E-09  2.8466E-09  3.0175E-09  2.0803E-09  7.6869E-10  9.0559E-10  9.2719E-10
       9.2859E-10  2.1789E-09  6.8690E-10  8.9254E-10  1.3135E-09  1.4689E-09  1.8909E-09  1.6173E-09  2.6400E-09  1.1791E-09
       2.3282E-09  8.6568E-10  5.1619E-10  7.5365E-10  7.6244E-10  1.1969E-09  1.4610E-09  3.2207E-09  2.9900E-09  1.4784E-09
       1.1389E-09  9.3470E-10  1.3318E-09  7.3794E-10  8.1447E-10  1.7275E-09  5.8862E-10  1.9614E-09  1.1017E-09  1.2015E-09
       2.8414E-09  3.1233E-09  3.2182E-09  3.9536E-09  9.7634E-10  9.6823E-10  6.0009E-10  8.8156E-10  1.0921E-09  2.0700E-09
       3.0071E-09  3.3333E-09  5.3583E-09  2.5036E-09  9.7709E-10  6.9449E-10  6.4815E-10  7.7604E-10  1.0295E-09  7.6376E-10
       8.1338E-10  8.9711E-10  1.6073E-09  6.8543E-10  1.1678E-09  6.8733E-10  1.7859E-09  6.0535E-10  4.2765E-10  3.3039E-10
       5.3540E-10  3.7373E-10  2.8688E-10  4.8855E-10  8.3615E-10  1.4025E-09  5.4111E-10  4.8570E-10  2.6908E-09  4.6920E-10
       3.0007E-09  2.5408E-09  8.1843E-10  2.1100E-09  1.5304E-09  1.4810E-09  4.6575E-09  4.1481E-09  2.2466E-09  2.0388E-09
       6.5820E-10  8.3151E-10  8.7626E-10  1.6471E-09  3.7030E-09  1.2439E-09  1.1233E-09  6.5765E-10  5.7032E-10  5.9446E-10
       8.8297E-10  9.9886E-10  2.2125E-09  7.3170E-10  1.5203E-09  8.4332E-10  7.0791E-10  2.0260E-09  1.0014E-09  7.9089E-10
       1.9028E-09  9.0192E-10  6.1259E-10  1.2695E-09  6.5453E-10  4.4756E-10  9.3714E-10  1.9298E-09  8.6912E-10  2.0908E-09
       1.0598E-09  2.6311E-09  1.3464E-09  1.5092E-09  2.0085E-09  9.5075E-10  1.0169E-09  5.5851E-10  1.1490E-09  1.5618E-09
       2.5360E-09  9.9199E-10  1.0603E-09  6.1400E-10  2.1690E-09  7.1881E-10  8.8189E-10  8.3647E-10  1.3796E-09  8.3138E-10
       1.2387E-09  1.3518E-09  2.8039E-09  2.9978E-09  4.8578E-09  1.4792E-09  1.8840E-09  2.5572E-09  2.6137E-09  2.1900E-09
       3.1747E-09  2.4189E-09  1.3381E-09  2.2215E-09  6.8312E-10  1.5018E-09  8.1788E-10  9.1512E-10  9.8764E-10  7.4662E-10
       6.8994E-10  1.5183E-09  6.2104E-10  2.2737E-09  9.6688E-10  9.8627E-10  1.6171E-09  1.8323E-09  2.3521E-09  2.2551E-09
       2.5357E-09  1.9495E-09  2.2151E-09  9.4983E-10  1.0036E-09  8.8200E-10  1.7025E-09  1.0350E-09  7.4846E-10  2.0710E-09
       1.9420E-09  3.0365E-09  9.3935E-10  1.1018E-09  9.8931E-10  2.4528E-09  8.1159E-10  9.9576E-09  2.6887E-09  1.0079E-09
       1.1372E-09  1.0382E-09  1.1187E-09  1.1197E-09  1.3990E-09  1.2801E-09  9.9063E-10  2.4558E-09  1.1979E-09  1.2046E-09
       1.2746E-09  9.4287E-10  9.6920E-10  1.0166E-09  1.4233E-09  1.0739E-09  1.2559E-09  1.9837E-09  1.0004E-09  7.9390E-10
       8.8062E-10  9.8963E-10  1.2399E-09  8.6716E-10  9.5564E-10  3.0655E-09  2.8052E-09  1.0494E-09  1.4211E-09  9.6076E-10
       7.9886E-10  1.0529E-09  1.3065E-09  1.0153E-09  2.9827E-09  1.7070E-09  1.9181E-09  1.9430E-09  2.8432E-09  2.4364E-09
