
 *****                                                                                    *****

           DATE:  3/28/22,  TIME: 20:36:34

          Total number of particles followed         100000, for a total weight of  1.0000E+05

1
   Cartesian binning n.   1  "E1        " , generalized particle n.  208
      X coordinate: from -2.5000E+01 to  2.5000E+01 cm,     1 bins ( 5.0000E+01 cm wide)
      Y coordinate: from -2.5000E+01 to  2.5000E+01 cm,     1 bins ( 5.0000E+01 cm wide)
      Z coordinate: from  0.0000E+00 to  5.0000E+00 cm,  1000 bins ( 5.0000E-03 cm wide)
      Data follow in a matrix A(ix,iy,iz), format (1(5x,1p,10(1x,e11.4)))

      accurate deposition along the tracks requested
       5.2440E-06  5.2239E-06  5.2591E-06  5.2613E-06  5.2490E-06  5.2513E-06  5.2464E-06  5.2806E-06  5.2696E-06  5.3046E-06
       5.3298E-06  5.3489E-06  5.3380E-06  5.3458E-06  5.3402E-06  5.4039E-06  5.3763E-06  5.4139E-06  5.3910E-06  5.4201E-06
       5.4549E-06  5.3869E-06  5.4050E-06  5.4101E-06  5.4232E-06  5.4344E-06  5.4494E-06  5.4030E-06  5.4232E-06  5.4691E-06
       5.4720E-06  5.4923E-06  5.4865E-06  5.5143E-06  5.4775E-06  5.4935E-06  5.5073E-06  5.4939E-06  5.5190E-06  5.5383E-06
       5.5625E-06  5.5666E-06  5.5578E-06  5.5699E-06  5.6090E-06  5.5674E-06  5.6266E-06  5.5972E-06  5.5942E-06  5.5972E-06
       5.6158E-06  5.6254E-06  5.6176E-06  5.6593E-06  5.6700E-06  5.6627E-06  5.6562E-06  5.6516E-06  5.6618E-06  5.6489E-06
       5.6712E-06  5.7102E-06  5.6597E-06  5.6755E-06  5.6879E-06  5.7460E-06  5.7470E-06  5.7459E-06  5.7255E-06  5.8372E-06
       5.7951E-06  5.7868E-06  5.7827E-06  5.7967E-06  5.8055E-06  5.8223E-06  5.8077E-06  5.8122E-06  5.8212E-06  5.8375E-06
       5.8563E-06  5.8921E-06  5.8887E-06  5.8679E-06  5.8946E-06  5.8955E-06  5.9079E-06  5.9437E-06  5.9178E-06  5.9379E-06
       5.9875E-06  5.9660E-06  5.9745E-06  5.9909E-06  6.0057E-06  5.9934E-06  6.0286E-06  6.0180E-06  6.0323E-06  6.0523E-06
       6.0761E-06  6.0634E-06  6.0676E-06  6.0875E-06  6.1141E-06  6.1153E-06  6.1122E-06  6.1455E-06  6.1524E-06  6.1698E-06
       6.1575E-06  6.1657E-06  6.1716E-06  6.1918E-06  6.1964E-06  6.2426E-06  6.2062E-06  6.2462E-06  6.2431E-06  6.2689E-06
       6.3053E-06  6.3452E-06  6.3332E-06  6.3513E-06  6.3472E-06  6.3558E-06  6.3784E-06  6.3666E-06  6.4324E-06  6.4721E-06
       6.4814E-06  6.4889E-06  6.4907E-06  6.4879E-06  6.5290E-06  6.5550E-06  6.5771E-06  6.5745E-06  6.6289E-06  6.6087E-06
       6.6550E-06  6.6785E-06  6.7120E-06  6.7315E-06  6.7583E-06  6.7766E-06  6.8016E-06  6.8618E-06  6.8876E-06  6.9591E-06
       7.0137E-06  7.0457E-06  7.0986E-06  7.0524E-06  7.0320E-06  6.9781E-06  6.9276E-06  6.9678E-06  6.9794E-06  7.0089E-06
       7.0991E-06  7.1493E-06  7.2197E-06  7.2486E-06  7.2384E-06  7.1584E-06  7.0770E-06  7.0217E-06  6.9762E-06  6.9696E-06
       7.0547E-06  7.1124E-06  7.2099E-06  7.2602E-06  7.2660E-06  7.2705E-06  7.1749E-06  7.0920E-06  7.0367E-06  6.9895E-06
       7.0161E-06  7.0642E-06  7.1251E-06  7.1993E-06  7.2148E-06  7.2798E-06  7.2981E-06  7.2251E-06  7.1562E-06  7.1136E-06
       7.0248E-06  7.0108E-06  7.0453E-06  7.1103E-06  7.1490E-06  7.2001E-06  7.2449E-06  7.2864E-06  7.2223E-06  7.1931E-06
       7.1497E-06  7.0793E-06  7.0554E-06  7.0739E-06  7.1155E-06  7.1591E-06  7.2066E-06  7.2462E-06  7.2658E-06  7.2179E-06
       7.1748E-06  7.1643E-06  7.0769E-06  7.1007E-06  7.1017E-06  7.0902E-06  7.1291E-06  7.1970E-06  7.2344E-06  7.2659E-06
       7.2671E-06  7.2723E-06  7.1666E-06  7.0627E-06  7.0173E-06  7.0334E-06  7.0570E-06  7.1076E-06  7.1407E-06  7.1977E-06
       7.2292E-06  7.2268E-06  7.1945E-06  7.1439E-06  7.1455E-06  7.0524E-06  7.0483E-06  7.0457E-06  7.0874E-06  7.1324E-06
       7.1558E-06  7.2139E-06  7.2366E-06  7.2525E-06  7.1670E-06  7.1531E-06  7.0863E-06  7.0639E-06  7.0520E-06  7.1068E-06
       7.1124E-06  7.1770E-06  7.2076E-06  7.2153E-06  7.1971E-06  7.1529E-06  7.1415E-06  7.0756E-06  7.0935E-06  7.0905E-06
       7.1149E-06  7.1340E-06  7.1760E-06  7.2255E-06  7.2199E-06  7.2100E-06  7.2142E-06  7.1679E-06  7.1115E-06  7.0671E-06
       7.0504E-06  7.0869E-06  7.1235E-06  7.1613E-06  7.2023E-06  7.1769E-06  7.1912E-06  7.1863E-06  7.1798E-06  7.1057E-06
       7.1111E-06  7.1073E-06  7.1063E-06  7.1093E-06  7.1606E-06  7.1476E-06  7.1264E-06  7.1715E-06  7.1793E-06  7.1560E-06
       7.1470E-06  7.0691E-06  7.0689E-06  7.0773E-06  7.0691E-06  7.0905E-06  7.1716E-06  7.1599E-06  7.1950E-06  7.1428E-06
       7.1833E-06  7.1469E-06  7.0988E-06  7.0934E-06  7.1377E-06  7.1219E-06  7.1060E-06  7.1191E-06  7.1528E-06  7.1586E-06
       7.1424E-06  7.1298E-06  7.1220E-06  7.1779E-06  7.1115E-06  7.0603E-06  7.0662E-06  7.1004E-06  7.1318E-06  7.1681E-06
       7.1923E-06  7.2117E-06  7.2067E-06  7.2009E-06  7.0994E-06  7.1097E-06  7.0710E-06  7.1090E-06  7.1022E-06  7.1230E-06
       7.1398E-06  7.1493E-06  7.1819E-06  7.1970E-06  7.1495E-06  7.1139E-06  7.1231E-06  7.1110E-06  7.0588E-06  7.0935E-06
       7.1196E-06  7.1336E-06  7.1437E-06  7.1892E-06  7.1845E-06  7.1460E-06  7.1461E-06  7.1399E-06  7.0818E-06  7.0593E-06
       7.0978E-06  7.1141E-06  7.1412E-06  7.1164E-06  7.1893E-06  7.1764E-06  7.1441E-06  7.1209E-06  7.1041E-06  7.1040E-06
       7.0969E-06  7.1443E-06  7.1304E-06  7.1235E-06  7.1478E-06  7.1609E-06  7.1420E-06  7.1559E-06  7.1505E-06  7.1240E-06
       7.1060E-06  7.0945E-06  7.0677E-06  7.1027E-06  7.1145E-06  7.0866E-06  7.1051E-06  7.1184E-06  7.1454E-06  7.1576E-06
       7.1263E-06  7.1250E-06  7.0980E-06  7.0823E-06  7.1078E-06  7.0906E-06  7.1365E-06  7.1344E-06  7.1062E-06  7.1240E-06
       7.0943E-06  7.1206E-06  7.0831E-06  7.0849E-06  7.1097E-06  7.0648E-06  7.0645E-06  7.0795E-06  7.0693E-06  7.0923E-06
       7.0862E-06  7.1031E-06  7.0862E-06  7.0955E-06  7.0852E-06  7.0991E-06  7.0664E-06  7.0831E-06  7.1193E-06  7.1043E-06
       7.1230E-06  7.1258E-06  7.1185E-06  7.1037E-06  7.1286E-06  7.1343E-06  7.0833E-06  7.0780E-06  7.0874E-06  7.0842E-06
       7.0923E-06  7.0515E-06  7.0920E-06  7.1059E-06  7.1230E-06  7.1119E-06  7.0818E-06  7.0931E-06  7.0710E-06  7.0849E-06
       7.0975E-06  7.1030E-06  7.1541E-06  7.1161E-06  7.1291E-06  7.1022E-06  7.1223E-06  7.1127E-06  7.0941E-06  7.0959E-06
       7.1051E-06  7.0887E-06  7.0861E-06  7.1132E-06  7.1153E-06  7.1119E-06  7.1230E-06  7.1226E-06  7.1416E-06  7.1089E-06
       7.0899E-06  7.1127E-06  7.1270E-06  7.1096E-06  7.1241E-06  7.1016E-06  7.0998E-06  7.1075E-06  7.1382E-06  7.1475E-06
       7.1411E-06  7.1330E-06  7.1267E-06  7.1456E-06  7.1376E-06  7.1237E-06  7.1214E-06  7.1184E-06  7.1209E-06  7.1226E-06
       7.1363E-06  7.1038E-06  7.1176E-06  7.1305E-06  7.0973E-06  7.0805E-06  7.0919E-06  7.0795E-06  7.0860E-06  7.0812E-06
       7.1004E-06  7.1087E-06  7.0919E-06  7.0840E-06  7.0982E-06  7.0951E-06  7.0924E-06  7.0791E-06  7.0933E-06  7.0969E-06
       7.1309E-06  7.1344E-06  7.1421E-06  7.1215E-06  7.1166E-06  7.0951E-06  7.1011E-06  7.1029E-06  7.1254E-06  7.0926E-06
       7.0918E-06  7.1120E-06  7.0923E-06  7.0754E-06  7.1044E-06  7.1205E-06  7.1112E-06  7.0964E-06  7.0861E-06  7.1022E-06
       7.1182E-06  7.1240E-06  7.1251E-06  7.1687E-06  7.1359E-06  7.1009E-06  7.1333E-06  7.1166E-06  7.1202E-06  7.1034E-06
       7.1789E-06  7.1661E-06  7.1350E-06  7.1370E-06  7.1573E-06  7.1464E-06  7.1635E-06  7.1624E-06  7.1644E-06  7.1795E-06
       7.1886E-06  7.1596E-06  7.1507E-06  7.1716E-06  7.1738E-06  7.1925E-06  7.1898E-06  7.1686E-06  7.1986E-06  7.1993E-06
       7.1871E-06  7.1937E-06  7.2067E-06  7.1937E-06  7.1752E-06  7.1638E-06  7.1871E-06  7.1788E-06  7.1867E-06  7.1448E-06
       7.1663E-06  7.2207E-06  7.2256E-06  7.1974E-06  7.2173E-06  7.2123E-06  7.2302E-06  7.2156E-06  7.2386E-06  7.2389E-06
       7.2124E-06  7.2277E-06  7.2387E-06  7.2121E-06  7.2054E-06  7.2100E-06  7.2201E-06  7.2165E-06  7.2369E-06  7.2400E-06
       7.2532E-06  7.2442E-06  7.2390E-06  7.2201E-06  7.1926E-06  7.2055E-06  7.1979E-06  7.1649E-06  7.1660E-06  7.1904E-06
       7.2109E-06  7.1896E-06  7.2228E-06  7.1959E-06  7.1781E-06  7.1836E-06  7.1419E-06  7.0890E-06  7.1486E-06  7.0704E-06
       7.0188E-06  7.0326E-06  6.9926E-06  6.9028E-06  6.8545E-06  6.7588E-06  6.7130E-06  6.5728E-06  6.4604E-06  6.3250E-06
       6.1242E-06  5.9927E-06  5.7630E-06  5.5610E-06  5.3588E-06  5.1064E-06  4.7700E-06  4.3920E-06  4.0975E-06  3.6972E-06
       3.3053E-06  2.9401E-06  2.5980E-06  2.1935E-06  1.8837E-06  1.5914E-06  1.2728E-06  1.0214E-06  8.2381E-07  6.3592E-07
       4.7646E-07  3.6160E-07  2.6498E-07  1.8931E-07  1.4085E-07  1.0276E-07  6.5758E-08  4.1527E-08  2.6054E-08  1.3808E-08
       1.1132E-08  6.1715E-09  1.9685E-09  2.1213E-09  2.4063E-09  3.8504E-09  3.1811E-09  2.4854E-09  3.8592E-09  4.5705E-09
       4.1579E-09  1.7723E-09  2.1267E-09  1.6714E-09  1.4534E-09  2.5148E-09  1.8426E-09  4.3976E-09  3.2128E-09  2.0275E-09
       1.3432E-09  2.3628E-09  2.2276E-09  2.3480E-09  3.1979E-09  2.4471E-09  3.4808E-09  2.6552E-09  2.3426E-09  1.2556E-09
       1.7593E-09  2.9453E-09  4.0260E-09  1.6878E-09  3.9497E-09  2.3807E-09  2.4756E-09  2.3999E-09  3.3383E-09  1.2250E-09
       1.3859E-09  4.8077E-09  1.6527E-09  2.1709E-09  2.4492E-09  1.2946E-09  1.8078E-09  1.1251E-09  1.3001E-09  2.2940E-09
       1.0540E-09  1.8567E-09  1.0678E-09  1.1456E-09  1.0182E-09  9.1651E-10  1.3734E-09  2.0119E-09  2.1484E-09  4.5154E-09
       1.3471E-09  1.6766E-09  1.9830E-09  2.5611E-09  1.9424E-09  2.2627E-09  4.2126E-09  3.2005E-09  2.9366E-09  2.3728E-09
       2.4923E-09  2.7469E-09  1.4453E-09  4.2108E-09  1.2788E-09  2.1042E-09  2.3229E-09  8.7407E-10  6.2920E-10  1.4415E-09
       7.7764E-10  1.2446E-09  3.5273E-09  3.1826E-09  2.8071E-09  3.0613E-09  3.3511E-09  2.1972E-09  8.8138E-10  1.8828E-09
       1.5068E-09  1.2645E-09  2.1403E-09  2.3578E-09  3.7834E-09  3.4547E-09  2.5237E-09  2.0487E-09  2.4126E-09  2.0404E-09
       2.1575E-09  3.3870E-09  4.9449E-09  4.4566E-09  4.3829E-09  2.1096E-09  3.2113E-09  2.3110E-09  1.0054E-09  1.0473E-09
       9.5861E-10  2.1896E-09  1.0726E-09  2.2766E-09  3.2441E-09  3.3711E-09  1.1831E-09  9.2204E-10  9.3336E-10  2.7066E-09
       9.8973E-10  1.0527E-09  2.3496E-09  1.5136E-09  1.7035E-09  1.1752E-09  9.7125E-10  1.1816E-09  8.5154E-10  1.1659E-09
       2.2043E-09  1.7313E-09  1.9543E-09  2.3185E-09  3.0868E-09  1.5752E-09  1.1549E-09  2.1295E-09  2.0218E-09  2.1498E-09
       3.8474E-09  3.8326E-09  1.1463E-09  3.1966E-09  4.8931E-09  1.3459E-09  2.1894E-09  2.3132E-09  1.5225E-09  1.1544E-09
       2.8134E-09  1.6853E-09  1.3741E-09  8.8743E-10  1.3055E-09  3.1793E-09  3.0569E-09  1.0114E-09  1.2047E-09  1.3596E-09
       1.4720E-09  1.6487E-09  1.2543E-09  1.4639E-09  2.3683E-09  1.7559E-09  2.7099E-09  1.4265E-09  3.5256E-09  2.5847E-09
       3.2909E-09  1.8137E-09  1.5984E-09  4.0975E-09  2.1385E-09  1.8907E-09  2.3164E-09  2.2703E-09  1.8741E-09  2.5283E-09
       3.6110E-09  1.9106E-09  1.8333E-09  2.0688E-09  1.9735E-09  2.3302E-09  3.6001E-09  2.7460E-09  1.5088E-09  1.6742E-09
       1.9718E-09  1.4627E-09  1.7248E-09  1.6382E-09  1.9269E-09  4.8908E-09  4.8781E-09  3.9846E-09  2.1860E-09  1.4840E-09
       1.6901E-09  1.6211E-09  2.4769E-09  1.6771E-09  2.3304E-09  1.6381E-09  1.6650E-09  2.1148E-09  2.3728E-09  2.8329E-09
       4.0935E-09  2.6167E-09  1.8146E-09  2.4840E-09  1.8469E-09  1.6170E-09  1.8752E-09  1.6061E-09  1.7999E-09  2.6841E-09
       3.2874E-09  2.6144E-09  3.2640E-09  5.6180E-09  2.8929E-09  4.1085E-09  3.1142E-09  2.2050E-09  3.8378E-09  1.2903E-09
       1.4867E-09  1.5189E-09  1.2448E-09  1.5144E-09  1.1957E-09  1.8034E-09  2.0489E-09  1.9956E-09  2.7800E-09  2.6532E-09
       2.3073E-09  1.7281E-09  8.1103E-10  2.4664E-09  1.1158E-09  1.0767E-09  1.2722E-09  1.7605E-09  9.7571E-10  1.1802E-09
       7.4198E-10  2.3857E-09  2.2665E-09  1.7358E-09  7.9730E-10  8.6459E-10  1.3471E-09  1.2857E-09  1.4653E-09  4.6689E-09
       1.2334E-09  1.3614E-09  1.2782E-09  1.2671E-09  1.0348E-09  9.9432E-10  2.0666E-09  4.7461E-09  1.3547E-09  1.1893E-09
       1.5467E-09  3.1223E-09  1.3739E-09  1.5881E-09  3.3557E-09  7.0803E-09  9.8635E-09  4.9857E-09  1.7173E-09  1.9916E-09
       5.1547E-09  5.6674E-09  5.6075E-09  2.8602E-09  3.3821E-09  3.2908E-09  2.1616E-09  1.2317E-09  1.5466E-09  1.4407E-09
       1.4020E-09  1.3280E-09  1.5824E-09  1.3744E-09  1.5969E-09  1.3053E-09  1.7291E-09  1.8388E-09  2.4233E-09  2.6720E-09
       2.4211E-09  1.3898E-09  2.1176E-09  1.2016E-09  1.6907E-09  1.2745E-09  2.3969E-09  1.7477E-09  2.1533E-09  3.0152E-09
       1.6527E-09  7.5719E-10  2.2059E-09  6.9991E-10  4.8261E-10  6.3639E-10  1.1005E-09  1.1886E-09  7.5624E-10  6.9901E-10
       1.0470E-09  2.4522E-09  2.0495E-09  2.3062E-09  2.6562E-09  3.8039E-09  1.2352E-09  1.5915E-09  2.0387E-09  9.9125E-10
       9.4804E-10  2.2183E-09  9.5255E-10  6.7974E-10  1.4203E-09  1.9014E-09  9.7300E-10  1.1704E-09  2.2809E-09  1.0349E-09
       7.3473E-10  1.2794E-09  1.2697E-09  1.7512E-09  1.8822E-09  7.0881E-10  7.6946E-10  6.9140E-10  8.4357E-10  7.3911E-10
       1.8119E-09  2.9058E-09  1.1164E-09  2.2377E-09  4.6913E-09  1.0085E-09  1.3526E-09  1.0532E-09  1.7492E-09  1.0716E-09
       1.8402E-09  1.0286E-09  8.6948E-10  9.6190E-10  2.5495E-09  9.0356E-10  8.7973E-10  9.4819E-10  9.5582E-10  8.6461E-10
