
 *****                                                                                    *****

           DATE:  3/28/22,  TIME: 20:40:35

          Total number of particles followed         100000, for a total weight of  1.0000E+05

1
   Cartesian binning n.   1  "E1        " , generalized particle n.  208
      X coordinate: from -2.5000E+01 to  2.5000E+01 cm,     1 bins ( 5.0000E+01 cm wide)
      Y coordinate: from -2.5000E+01 to  2.5000E+01 cm,     1 bins ( 5.0000E+01 cm wide)
      Z coordinate: from  0.0000E+00 to  5.0000E+00 cm,  1000 bins ( 5.0000E-03 cm wide)
      Data follow in a matrix A(ix,iy,iz), format (1(5x,1p,10(1x,e11.4)))

      accurate deposition along the tracks requested
       5.2198E-06  5.2123E-06  5.2180E-06  5.2559E-06  5.2352E-06  5.2445E-06  5.2310E-06  5.2588E-06  5.2337E-06  5.2671E-06
       5.2844E-06  5.2951E-06  5.3149E-06  5.3314E-06  5.3463E-06  5.3258E-06  5.3157E-06  5.3386E-06  5.3340E-06  5.3523E-06
       5.3738E-06  5.3724E-06  5.3520E-06  5.3673E-06  5.4026E-06  5.3900E-06  5.4035E-06  5.4274E-06  5.4557E-06  5.4214E-06
       5.4586E-06  5.4720E-06  5.4529E-06  5.4767E-06  5.4597E-06  5.4798E-06  5.4959E-06  5.5063E-06  5.5182E-06  5.5752E-06
       5.5437E-06  5.5611E-06  5.5712E-06  5.5451E-06  5.5424E-06  5.5522E-06  5.5898E-06  5.5677E-06  5.5814E-06  5.6057E-06
       5.6442E-06  5.6313E-06  5.6315E-06  5.6894E-06  5.6127E-06  5.6595E-06  5.6298E-06  5.6537E-06  5.6756E-06  5.6659E-06
       5.6949E-06  5.7393E-06  5.7088E-06  5.7053E-06  5.7160E-06  5.7248E-06  5.7012E-06  5.7467E-06  5.7729E-06  5.7358E-06
       5.8062E-06  5.7665E-06  5.7967E-06  5.8083E-06  5.7922E-06  5.8134E-06  5.8340E-06  5.8394E-06  5.8428E-06  5.8330E-06
       5.8723E-06  5.8360E-06  5.8872E-06  5.8910E-06  5.9258E-06  5.8868E-06  5.8947E-06  5.9112E-06  5.9645E-06  5.9359E-06
       5.9822E-06  5.9525E-06  5.9507E-06  6.0189E-06  6.0247E-06  6.0008E-06  6.0164E-06  6.0236E-06  6.0474E-06  6.0234E-06
       6.0439E-06  6.0490E-06  6.0649E-06  6.0682E-06  6.0996E-06  6.1004E-06  6.0999E-06  6.1169E-06  6.1395E-06  6.1416E-06
       6.2033E-06  6.2206E-06  6.2081E-06  6.2313E-06  6.2170E-06  6.2665E-06  6.2268E-06  6.2440E-06  6.2574E-06  6.2772E-06
       6.3038E-06  6.3045E-06  6.3355E-06  6.3442E-06  6.3670E-06  6.3801E-06  6.4171E-06  6.4415E-06  6.4293E-06  6.4834E-06
       6.4952E-06  6.4909E-06  6.5097E-06  6.4951E-06  6.5168E-06  6.5403E-06  6.5524E-06  6.5621E-06  6.6115E-06  6.6547E-06
       6.6790E-06  6.7011E-06  6.6960E-06  6.7501E-06  6.7715E-06  6.7664E-06  6.7896E-06  6.8414E-06  6.8985E-06  6.9397E-06
       7.0117E-06  7.0640E-06  7.1197E-06  7.0571E-06  6.9940E-06  6.9737E-06  6.9261E-06  6.9405E-06  7.0248E-06  7.0785E-06
       7.1378E-06  7.2177E-06  7.2816E-06  7.3244E-06  7.2944E-06  7.2359E-06  7.1103E-06  6.9855E-06  6.9558E-06  6.9815E-06
       7.0495E-06  7.1310E-06  7.1972E-06  7.2774E-06  7.2978E-06  7.2820E-06  7.2162E-06  7.0825E-06  7.0219E-06  6.9913E-06
       6.9922E-06  7.0446E-06  7.1065E-06  7.1562E-06  7.2079E-06  7.2354E-06  7.2533E-06  7.1739E-06  7.1235E-06  7.0554E-06
       6.9763E-06  6.9791E-06  7.0423E-06  7.0989E-06  7.1612E-06  7.2112E-06  7.1934E-06  7.1906E-06  7.1827E-06  7.1235E-06
       7.0916E-06  7.0439E-06  6.9998E-06  7.0146E-06  7.0497E-06  7.1087E-06  7.1735E-06  7.1853E-06  7.1904E-06  7.1895E-06
       7.1385E-06  7.0856E-06  7.0275E-06  7.0571E-06  7.0188E-06  7.0517E-06  7.0903E-06  7.1566E-06  7.2035E-06  7.2240E-06
       7.2233E-06  7.1488E-06  7.0744E-06  7.0456E-06  7.0075E-06  6.9908E-06  7.0480E-06  7.0705E-06  7.1167E-06  7.2137E-06
       7.2454E-06  7.1927E-06  7.1782E-06  7.1186E-06  7.1007E-06  7.0382E-06  6.9989E-06  7.0450E-06  7.0859E-06  7.1223E-06
       7.1834E-06  7.1811E-06  7.2164E-06  7.1842E-06  7.0991E-06  7.0779E-06  7.0395E-06  7.0502E-06  7.0302E-06  7.0803E-06
       7.1219E-06  7.1479E-06  7.2201E-06  7.1747E-06  7.1883E-06  7.1537E-06  7.1416E-06  7.0682E-06  7.0382E-06  7.0431E-06
       7.1140E-06  7.0916E-06  7.1322E-06  7.1545E-06  7.1877E-06  7.1540E-06  7.1309E-06  7.1307E-06  7.0893E-06  7.0320E-06
       7.0635E-06  7.0822E-06  7.0809E-06  7.1326E-06  7.1320E-06  7.1733E-06  7.1622E-06  7.1642E-06  7.1337E-06  7.1079E-06
       7.0919E-06  7.1227E-06  7.1304E-06  7.1168E-06  7.1390E-06  7.1644E-06  7.1907E-06  7.2172E-06  7.2208E-06  7.1899E-06
       7.1540E-06  7.1275E-06  7.0741E-06  7.0974E-06  7.0935E-06  7.1190E-06  7.1221E-06  7.1579E-06  7.1654E-06  7.1859E-06
       7.1863E-06  7.1454E-06  7.1125E-06  7.1192E-06  7.0892E-06  7.0607E-06  7.1175E-06  7.1401E-06  7.1383E-06  7.1631E-06
       7.1961E-06  7.1813E-06  7.1457E-06  7.1166E-06  7.0847E-06  7.0927E-06  7.1202E-06  7.1005E-06  7.1697E-06  7.1487E-06
       7.1785E-06  7.1764E-06  7.1775E-06  7.1760E-06  7.1542E-06  7.1190E-06  7.1114E-06  7.1198E-06  7.1087E-06  7.1678E-06
       7.1504E-06  7.1758E-06  7.1651E-06  7.1605E-06  7.1782E-06  7.1415E-06  7.1612E-06  7.1283E-06  7.1661E-06  7.0896E-06
       7.1261E-06  7.1490E-06  7.1450E-06  7.1674E-06  7.1738E-06  7.1550E-06  7.1424E-06  7.1371E-06  7.1108E-06  7.1395E-06
       7.1487E-06  7.1325E-06  7.1463E-06  7.1719E-06  7.1625E-06  7.1642E-06  7.1539E-06  7.1382E-06  7.1081E-06  7.1129E-06
       7.1073E-06  7.1365E-06  7.1869E-06  7.1469E-06  7.1618E-06  7.1795E-06  7.1674E-06  7.1469E-06  7.1716E-06  7.1871E-06
       7.1833E-06  7.1570E-06  7.1611E-06  7.1401E-06  7.2054E-06  7.1512E-06  7.1732E-06  7.1938E-06  7.2176E-06  7.1907E-06
       7.1778E-06  7.1649E-06  7.1900E-06  7.1456E-06  7.1302E-06  7.1359E-06  7.1338E-06  7.1685E-06  7.1890E-06  7.1867E-06
       7.2401E-06  7.2414E-06  7.1620E-06  7.1226E-06  7.1129E-06  7.1278E-06  7.1389E-06  7.1277E-06  7.1132E-06  7.1255E-06
       7.1517E-06  7.1496E-06  7.1303E-06  7.1753E-06  7.1656E-06  7.1544E-06  7.1699E-06  7.1459E-06  7.1091E-06  7.1142E-06
       7.1475E-06  7.1370E-06  7.1564E-06  7.1609E-06  7.1447E-06  7.1114E-06  7.1021E-06  7.1420E-06  7.1314E-06  7.1816E-06
       7.1279E-06  7.1119E-06  7.1121E-06  7.1150E-06  7.1502E-06  7.1211E-06  7.1395E-06  7.1159E-06  7.1427E-06  7.1149E-06
       7.1134E-06  7.1243E-06  7.1420E-06  7.1412E-06  7.1619E-06  7.1823E-06  7.1750E-06  7.1698E-06  7.1414E-06  7.1236E-06
       7.1243E-06  7.1056E-06  7.0953E-06  7.1345E-06  7.1722E-06  7.1325E-06  7.1316E-06  7.1252E-06  7.1338E-06  7.1293E-06
       7.1034E-06  7.1252E-06  7.1127E-06  7.1438E-06  7.1568E-06  7.1329E-06  7.1491E-06  7.1218E-06  7.1418E-06  7.1529E-06
       7.1764E-06  7.1819E-06  7.1476E-06  7.1546E-06  7.1461E-06  7.1439E-06  7.1324E-06  7.1411E-06  7.1283E-06  7.1603E-06
       7.1552E-06  7.1384E-06  7.1614E-06  7.1795E-06  7.1660E-06  7.1779E-06  7.1790E-06  7.1541E-06  7.1808E-06  7.1706E-06
       7.2134E-06  7.2008E-06  7.1586E-06  7.1889E-06  7.1496E-06  7.1417E-06  7.1400E-06  7.1221E-06  7.1182E-06  7.1671E-06
       7.1673E-06  7.1722E-06  7.1693E-06  7.1458E-06  7.1254E-06  7.1185E-06  7.1136E-06  7.1429E-06  7.1166E-06  7.1134E-06
       7.1311E-06  7.1231E-06  7.1433E-06  7.1473E-06  7.1540E-06  7.1547E-06  7.1456E-06  7.1460E-06  7.1328E-06  7.1407E-06
       7.1339E-06  7.1588E-06  7.1529E-06  7.1439E-06  7.1479E-06  7.1422E-06  7.1479E-06  7.1442E-06  7.1641E-06  7.1381E-06
       7.1748E-06  7.1675E-06  7.1801E-06  7.1621E-06  7.2032E-06  7.1764E-06  7.1824E-06  7.1755E-06  7.1592E-06  7.1702E-06
       7.1941E-06  7.1968E-06  7.1806E-06  7.1656E-06  7.1737E-06  7.1579E-06  7.1734E-06  7.1665E-06  7.1757E-06  7.1425E-06
       7.1662E-06  7.2086E-06  7.2155E-06  7.2502E-06  7.2739E-06  7.2267E-06  7.1975E-06  7.1841E-06  7.1901E-06  7.1822E-06
       7.2049E-06  7.2128E-06  7.2035E-06  7.2174E-06  7.2456E-06  7.2159E-06  7.2110E-06  7.2234E-06  7.1730E-06  7.1773E-06
       7.1757E-06  7.1737E-06  7.2028E-06  7.1860E-06  7.1908E-06  7.1905E-06  7.1730E-06  7.1685E-06  7.1699E-06  7.2074E-06
       7.2150E-06  7.2051E-06  7.2159E-06  7.2404E-06  7.1914E-06  7.2056E-06  7.2213E-06  7.2154E-06  7.1842E-06  7.1694E-06
       7.1864E-06  7.1814E-06  7.1942E-06  7.1473E-06  7.1479E-06  7.0918E-06  7.0707E-06  7.0359E-06  7.0153E-06  6.9735E-06
       6.9641E-06  6.9631E-06  6.9565E-06  6.8952E-06  6.8562E-06  6.8143E-06  6.7232E-06  6.5952E-06  6.4139E-06  6.3253E-06
       6.1621E-06  5.9758E-06  5.7700E-06  5.5815E-06  5.3200E-06  5.0485E-06  4.7199E-06  4.4059E-06  4.0136E-06  3.6461E-06
       3.2761E-06  2.9594E-06  2.5873E-06  2.2216E-06  1.8438E-06  1.5518E-06  1.2730E-06  1.0194E-06  7.9831E-07  6.5868E-07
       4.9278E-07  3.5938E-07  2.7334E-07  1.8997E-07  1.3548E-07  1.0348E-07  7.4488E-08  4.4013E-08  2.6210E-08  1.5981E-08
       1.1867E-08  1.1485E-08  3.8752E-09  3.1066E-09  2.8704E-09  1.0502E-09  3.1215E-09  3.7349E-09  1.6287E-09  2.4879E-09
       2.1757E-09  2.0082E-09  4.1329E-09  3.0770E-09  2.5869E-09  1.0994E-09  2.7606E-09  9.2214E-10  2.6302E-09  1.3635E-09
       8.7151E-10  2.4042E-09  1.2187E-09  2.3695E-09  1.5453E-09  2.0090E-09  1.8055E-09  1.6152E-09  1.0513E-09  1.9468E-09
       1.0964E-09  9.3141E-10  1.5895E-09  1.3190E-09  1.7603E-09  1.2576E-09  1.7352E-09  3.0712E-09  5.2394E-09  4.6638E-09
       3.1912E-09  1.2353E-09  1.0649E-09  1.3921E-09  1.1484E-09  2.8216E-09  1.6766E-09  1.6688E-09  1.5582E-09  9.9914E-10
       2.1812E-09  8.9102E-10  8.4946E-10  1.7542E-09  1.3311E-09  8.2458E-10  1.1037E-09  6.0810E-10  2.1879E-09  1.1115E-09
       1.6281E-09  1.2780E-09  2.1334E-09  1.8026E-09  2.1449E-09  7.4191E-10  6.1818E-10  1.3313E-09  9.3443E-10  1.2468E-09
       2.5398E-09  1.5882E-09  1.4839E-09  2.2335E-09  1.7024E-09  2.8537E-09  1.3583E-09  1.6066E-09  1.9583E-09  2.8484E-09
       2.1258E-09  2.4692E-09  1.3703E-09  1.2985E-09  2.3975E-09  1.8138E-09  2.8675E-09  3.2379E-09  1.1899E-09  1.6678E-09
       1.2064E-09  2.4742E-09  1.5914E-09  1.3875E-09  1.3512E-09  1.0927E-09  1.9272E-09  1.9348E-09  2.2893E-09  1.3778E-09
       1.4700E-09  8.6829E-10  1.6174E-09  1.8297E-09  1.6479E-09  1.6418E-09  1.7427E-09  2.0932E-09  9.3003E-10  7.6642E-10
       2.5777E-09  1.2036E-09  1.8165E-09  6.9169E-10  9.5199E-10  1.4385E-09  1.4334E-09  7.1262E-10  1.8897E-09  1.8838E-09
       6.5780E-10  1.7141E-09  1.0723E-09  1.5106E-09  1.2242E-09  2.0296E-09  3.3890E-09  3.0194E-09  4.8977E-09  2.6033E-09
       8.3480E-10  9.3898E-10  1.0662E-09  1.2281E-09  2.1056E-09  1.7168E-09  3.0551E-09  1.9044E-09  2.0254E-09  2.4748E-09
       1.4090E-09  2.1963E-09  8.6184E-10  9.7923E-10  6.7703E-10  9.3494E-10  1.1869E-09  7.6072E-10  8.1588E-10  1.1356E-09
       7.4603E-10  8.2159E-10  7.7756E-10  1.2579E-09  1.5966E-09  2.0479E-09  2.4917E-09  2.4718E-09  2.6913E-09  6.2371E-09
       6.8564E-09  7.0478E-09  3.1427E-09  1.9695E-09  1.0097E-09  6.6347E-10  1.4317E-09  2.6711E-09  1.3367E-09  2.6817E-09
       7.4687E-10  1.9021E-09  5.4629E-10  1.9655E-09  3.8200E-09  3.3104E-09  7.9684E-10  9.4723E-10  1.6919E-09  3.3639E-09
       1.3462E-09  8.1751E-10  8.7469E-10  9.0163E-10  9.8059E-10  9.7605E-10  1.5632E-09  1.7556E-09  1.8784E-09  2.9799E-09
       1.9959E-09  1.0331E-09  1.1018E-09  2.3976E-09  1.0577E-09  9.2320E-10  1.5268E-09  1.0900E-09  7.2265E-10  7.4467E-10
       2.0858E-09  7.9896E-10  9.3753E-10  8.4523E-10  1.6145E-09  1.1509E-09  7.7025E-10  8.7297E-10  7.3145E-10  1.7401E-09
       9.3696E-10  9.8711E-10  6.6796E-10  6.1787E-10  5.8466E-10  1.9274E-09  2.2759E-09  1.0797E-09  1.5291E-09  1.6028E-09
       1.9278E-09  6.5016E-10  9.5923E-10  1.0360E-09  9.0660E-10  8.8098E-10  1.0244E-09  1.0412E-09  8.0886E-10  3.9633E-09
       3.3864E-09  1.4005E-09  1.2278E-09  1.1504E-09  1.1749E-09  1.2314E-09  1.3624E-09  1.8419E-09  1.3388E-09  1.0547E-09
       1.0999E-09  4.5174E-09  9.6080E-10  1.0043E-09  1.0948E-09  2.1470E-09  1.0556E-09  2.2724E-09  1.8844E-09  2.0809E-09
       2.8276E-09  2.6606E-09  3.0637E-09  1.3597E-09  2.6290E-09  4.0722E-09  1.4747E-09  1.8904E-09  1.9596E-09  1.1873E-09
       4.6761E-09  1.7521E-09  1.4040E-09  2.4830E-09  2.3807E-09  1.7366E-09  2.7956E-09  2.8684E-09  1.6097E-09  1.9914E-09
       1.7028E-09  3.4101E-09  2.9234E-09  2.0926E-09  2.5779E-09  4.5770E-09  2.7558E-09  3.0150E-09  1.6330E-09  2.1566E-09
       1.7181E-09  1.5990E-09  2.2614E-09  1.8022E-09  1.9940E-09  2.1239E-09  2.3262E-09  2.3371E-09  1.4005E-09  1.7829E-09
       1.7292E-09  1.8391E-09  2.1643E-09  1.2723E-09  1.2534E-09  2.1870E-09  1.5409E-09  1.4412E-09  1.9054E-09  3.4654E-09
       2.9036E-09  1.8184E-09  1.1620E-09  1.8101E-09  3.4311E-09  1.6250E-09  4.1254E-09  1.8166E-09  1.3857E-09  2.6163E-09
       9.7378E-10  1.0150E-09  2.5359E-09  7.6050E-10  1.4142E-09  8.9534E-10  8.4694E-10  8.9647E-10  7.6069E-10  8.7791E-10
       7.1256E-10  1.7230E-09  7.0991E-10  6.3254E-10  1.0549E-09  8.0970E-10  7.8518E-10  8.6785E-10  2.6641E-09  7.6561E-10
       7.7357E-10  8.6709E-10  9.1152E-10  1.0035E-09  1.1208E-09  4.3886E-09  7.8105E-10  2.0123E-09  1.4148E-09  8.2716E-10
       8.7290E-10  3.6249E-09  2.7386E-09  3.2801E-09  8.2110E-10  8.6870E-10  7.9579E-10  8.6831E-10  1.1974E-09  8.2271E-10
       1.2876E-09  2.0126E-09  2.1565E-09  1.4305E-09  3.8232E-09  9.8826E-10  1.3865E-09  1.7719E-09  6.0249E-10  5.2177E-10
       5.7489E-10  7.4156E-10  8.5902E-10  1.8090E-09  9.6684E-10  1.2177E-09  2.1408E-09  2.1632E-09  3.0924E-09  2.2266E-09
