
 *****                                                                                    *****

           DATE:  3/28/22,  TIME: 20:38:04

          Total number of particles followed         100000, for a total weight of  1.0000E+05

1
   Cartesian binning n.   1  "E1        " , generalized particle n.  208
      X coordinate: from -2.5000E+01 to  2.5000E+01 cm,     1 bins ( 5.0000E+01 cm wide)
      Y coordinate: from -2.5000E+01 to  2.5000E+01 cm,     1 bins ( 5.0000E+01 cm wide)
      Z coordinate: from  0.0000E+00 to  5.0000E+00 cm,  1000 bins ( 5.0000E-03 cm wide)
      Data follow in a matrix A(ix,iy,iz), format (1(5x,1p,10(1x,e11.4)))

      accurate deposition along the tracks requested
       5.2058E-06  5.2054E-06  5.2512E-06  5.2498E-06  5.2629E-06  5.2461E-06  5.2695E-06  5.2557E-06  5.2909E-06  5.2835E-06
       5.3164E-06  5.3056E-06  5.3087E-06  5.3577E-06  5.3003E-06  5.3359E-06  5.3364E-06  5.3532E-06  5.3674E-06  5.3778E-06
       5.3774E-06  5.3802E-06  5.4009E-06  5.3935E-06  5.3774E-06  5.4050E-06  5.4055E-06  5.4263E-06  5.4086E-06  5.4070E-06
       5.4445E-06  5.4543E-06  5.4945E-06  5.5193E-06  5.4891E-06  5.4864E-06  5.5036E-06  5.5161E-06  5.5497E-06  5.5430E-06
       5.5593E-06  5.5584E-06  5.5601E-06  5.5599E-06  5.5497E-06  5.5773E-06  5.5760E-06  5.6423E-06  5.5987E-06  5.5952E-06
       5.6066E-06  5.6479E-06  5.6152E-06  5.6981E-06  5.6412E-06  5.6519E-06  5.6424E-06  5.6365E-06  5.6559E-06  5.6541E-06
       5.6642E-06  5.7001E-06  5.7120E-06  5.7246E-06  5.7048E-06  5.7186E-06  5.7182E-06  5.7634E-06  5.7355E-06  5.7310E-06
       5.7854E-06  5.7882E-06  5.7808E-06  5.7603E-06  5.7728E-06  5.7892E-06  5.8191E-06  5.8244E-06  5.8202E-06  5.8294E-06
       5.8680E-06  5.8507E-06  5.8998E-06  5.8827E-06  5.8895E-06  5.9065E-06  5.9319E-06  5.9531E-06  5.9350E-06  5.9713E-06
       5.9482E-06  5.9527E-06  6.0025E-06  6.0371E-06  6.0282E-06  6.0132E-06  6.0068E-06  5.9999E-06  6.0312E-06  6.0311E-06
       6.0713E-06  6.0966E-06  6.0956E-06  6.0970E-06  6.0928E-06  6.1331E-06  6.1305E-06  6.1460E-06  6.1502E-06  6.1715E-06
       6.1976E-06  6.2189E-06  6.2272E-06  6.2192E-06  6.2379E-06  6.2645E-06  6.2416E-06  6.3080E-06  6.3003E-06  6.2889E-06
       6.2868E-06  6.3142E-06  6.3295E-06  6.3867E-06  6.3857E-06  6.3462E-06  6.3799E-06  6.4049E-06  6.4140E-06  6.4570E-06
       6.4489E-06  6.4698E-06  6.5198E-06  6.5611E-06  6.5459E-06  6.5792E-06  6.5577E-06  6.6030E-06  6.6416E-06  6.6230E-06
       6.6284E-06  6.6446E-06  6.6779E-06  6.7083E-06  6.7283E-06  6.7513E-06  6.8376E-06  6.8889E-06  6.9179E-06  6.9620E-06
       7.0034E-06  7.0516E-06  7.0828E-06  7.0296E-06  7.0289E-06  6.9671E-06  6.9379E-06  6.9400E-06  6.9818E-06  7.0354E-06
       7.1117E-06  7.2016E-06  7.2342E-06  7.3101E-06  7.2715E-06  7.1807E-06  7.1018E-06  7.0471E-06  7.0391E-06  6.9957E-06
       7.1003E-06  7.1779E-06  7.2053E-06  7.2682E-06  7.3411E-06  7.3136E-06  7.2515E-06  7.1385E-06  7.0409E-06  7.0398E-06
       7.1088E-06  7.1378E-06  7.1815E-06  7.2622E-06  7.3011E-06  7.3126E-06  7.3291E-06  7.2180E-06  7.1599E-06  7.0696E-06
       6.9973E-06  7.0215E-06  7.0555E-06  7.1283E-06  7.2020E-06  7.1904E-06  7.2372E-06  7.2457E-06  7.2102E-06  7.1352E-06
       7.0507E-06  7.0535E-06  7.0184E-06  7.0189E-06  7.0390E-06  7.0856E-06  7.1778E-06  7.2151E-06  7.2832E-06  7.2421E-06
       7.1739E-06  7.1210E-06  7.0723E-06  7.0545E-06  7.0372E-06  7.1002E-06  7.1293E-06  7.1716E-06  7.2215E-06  7.2194E-06
       7.2270E-06  7.1672E-06  7.1123E-06  7.0590E-06  7.0287E-06  7.0344E-06  7.0592E-06  7.1363E-06  7.1925E-06  7.2321E-06
       7.2397E-06  7.2598E-06  7.2485E-06  7.1957E-06  7.1047E-06  7.0840E-06  7.0524E-06  7.1277E-06  7.1794E-06  7.2307E-06
       7.2799E-06  7.2874E-06  7.2977E-06  7.2576E-06  7.1988E-06  7.1667E-06  7.1092E-06  7.0940E-06  7.0748E-06  7.1023E-06
       7.1349E-06  7.1784E-06  7.2479E-06  7.2750E-06  7.2461E-06  7.1995E-06  7.1556E-06  7.1021E-06  7.0616E-06  7.1012E-06
       7.1079E-06  7.1276E-06  7.1490E-06  7.1735E-06  7.1967E-06  7.2138E-06  7.1579E-06  7.0949E-06  7.0659E-06  7.0515E-06
       7.0485E-06  7.0474E-06  7.1052E-06  7.1582E-06  7.1646E-06  7.1813E-06  7.2395E-06  7.2074E-06  7.1724E-06  7.1373E-06
       7.1253E-06  7.1246E-06  7.1141E-06  7.1494E-06  7.1597E-06  7.1737E-06  7.1994E-06  7.2338E-06  7.2149E-06  7.2268E-06
       7.1897E-06  7.1313E-06  7.1431E-06  7.1590E-06  7.1478E-06  7.1555E-06  7.1959E-06  7.2071E-06  7.1654E-06  7.1810E-06
       7.1757E-06  7.1439E-06  7.1414E-06  7.1049E-06  7.1020E-06  7.1072E-06  7.0955E-06  7.1065E-06  7.1252E-06  7.1747E-06
       7.1814E-06  7.1539E-06  7.1651E-06  7.0993E-06  7.0940E-06  7.0657E-06  7.0842E-06  7.1094E-06  7.1290E-06  7.1387E-06
       7.1774E-06  7.1762E-06  7.2144E-06  7.1925E-06  7.1317E-06  7.0985E-06  7.0951E-06  7.0762E-06  7.0841E-06  7.0764E-06
       7.1469E-06  7.1683E-06  7.1902E-06  7.1398E-06  7.1218E-06  7.1179E-06  7.0890E-06  7.0884E-06  7.0563E-06  7.0915E-06
       7.1227E-06  7.1306E-06  7.1123E-06  7.1243E-06  7.1338E-06  7.1297E-06  7.1312E-06  7.0437E-06  7.0639E-06  7.0463E-06
       7.0864E-06  7.0935E-06  7.1179E-06  7.1502E-06  7.1272E-06  7.1551E-06  7.1162E-06  7.1311E-06  7.0940E-06  7.0716E-06
       7.0695E-06  7.0524E-06  7.0875E-06  7.1033E-06  7.1336E-06  7.1840E-06  7.1791E-06  7.1938E-06  7.1353E-06  7.1466E-06
       7.1603E-06  7.1107E-06  7.0934E-06  7.0900E-06  7.0933E-06  7.0686E-06  7.0826E-06  7.1078E-06  7.1193E-06  7.1463E-06
       7.1200E-06  7.1002E-06  7.1339E-06  7.0915E-06  7.0645E-06  7.0929E-06  7.0771E-06  7.1089E-06  7.0930E-06  7.0988E-06
       7.1207E-06  7.1101E-06  7.1176E-06  7.1039E-06  7.0655E-06  7.0915E-06  7.0837E-06  7.0939E-06  7.0981E-06  7.1178E-06
       7.1070E-06  7.1184E-06  7.1235E-06  7.1078E-06  7.0945E-06  7.1205E-06  7.0802E-06  7.0647E-06  7.0592E-06  7.0750E-06
       7.0536E-06  7.0587E-06  7.0325E-06  7.0526E-06  7.0700E-06  7.0759E-06  7.0794E-06  7.0604E-06  7.0298E-06  7.0424E-06
       7.0843E-06  7.0640E-06  7.0797E-06  7.0693E-06  7.1124E-06  7.1087E-06  7.0910E-06  7.0741E-06  7.0565E-06  7.0795E-06
       7.0716E-06  7.0804E-06  7.0914E-06  7.0852E-06  7.1012E-06  7.1080E-06  7.1021E-06  7.0870E-06  7.0842E-06  7.0582E-06
       7.0901E-06  7.0823E-06  7.0971E-06  7.1189E-06  7.1133E-06  7.1055E-06  7.0893E-06  7.0926E-06  7.0653E-06  7.0931E-06
       7.0888E-06  7.0909E-06  7.0835E-06  7.0889E-06  7.0958E-06  7.0794E-06  7.1041E-06  7.0949E-06  7.0883E-06  7.0822E-06
       7.0571E-06  7.0561E-06  7.0993E-06  7.1316E-06  7.0876E-06  7.1159E-06  7.1127E-06  7.1178E-06  7.1037E-06  7.0969E-06
       7.0862E-06  7.0666E-06  7.0580E-06  7.0719E-06  7.0873E-06  7.0653E-06  7.0628E-06  7.0794E-06  7.0578E-06  7.0477E-06
       7.0812E-06  7.1408E-06  7.0941E-06  7.1600E-06  7.1488E-06  7.1348E-06  7.1050E-06  7.0905E-06  7.0973E-06  7.0982E-06
       7.1195E-06  7.1010E-06  7.0932E-06  7.1119E-06  7.1235E-06  7.1130E-06  7.0932E-06  7.1138E-06  7.1377E-06  7.1404E-06
       7.1572E-06  7.1575E-06  7.1095E-06  7.1087E-06  7.1311E-06  7.1424E-06  7.1114E-06  7.1242E-06  7.1037E-06  7.0808E-06
       7.1368E-06  7.1334E-06  7.1286E-06  7.1360E-06  7.1622E-06  7.1486E-06  7.1477E-06  7.1213E-06  7.1094E-06  7.1101E-06
       7.1400E-06  7.1256E-06  7.1159E-06  7.1110E-06  7.0920E-06  7.1273E-06  7.1066E-06  7.0891E-06  7.1073E-06  7.1464E-06
       7.1512E-06  7.1448E-06  7.1460E-06  7.1366E-06  7.1666E-06  7.1441E-06  7.1560E-06  7.1260E-06  7.1499E-06  7.1441E-06
       7.1557E-06  7.1594E-06  7.1910E-06  7.1834E-06  7.1769E-06  7.1665E-06  7.1627E-06  7.1616E-06  7.1912E-06  7.1915E-06
       7.1976E-06  7.2113E-06  7.1879E-06  7.1894E-06  7.2094E-06  7.2180E-06  7.2100E-06  7.1731E-06  7.1858E-06  7.1539E-06
       7.1962E-06  7.2007E-06  7.2143E-06  7.1866E-06  7.1772E-06  7.2082E-06  7.1944E-06  7.2103E-06  7.2122E-06  7.1843E-06
       7.2363E-06  7.2516E-06  7.2404E-06  7.2336E-06  7.2324E-06  7.2193E-06  7.2239E-06  7.1999E-06  7.1997E-06  7.1934E-06
       7.1796E-06  7.1833E-06  7.1741E-06  7.1222E-06  7.1435E-06  7.1213E-06  7.1012E-06  7.0884E-06  7.0557E-06  7.0728E-06
       7.0474E-06  6.9677E-06  6.9255E-06  6.9035E-06  6.8926E-06  6.8323E-06  6.7686E-06  6.6643E-06  6.5298E-06  6.4398E-06
       6.2397E-06  6.0686E-06  5.8455E-06  5.6115E-06  5.3408E-06  5.0513E-06  4.7143E-06  4.3630E-06  3.9961E-06  3.7191E-06
       3.3472E-06  2.9311E-06  2.5441E-06  2.2481E-06  1.9019E-06  1.5180E-06  1.2227E-06  1.0186E-06  8.1262E-07  5.9938E-07
       4.6487E-07  3.3886E-07  2.6732E-07  1.9184E-07  1.3741E-07  9.0537E-08  6.4545E-08  4.1532E-08  2.9747E-08  1.9675E-08
       1.3336E-08  9.7347E-09  5.2881E-09  1.2926E-09  1.1695E-09  8.6985E-09  1.5217E-09  1.5971E-09  2.2457E-09  2.2545E-09
       2.1012E-09  2.7649E-09  2.4552E-09  1.3076E-09  2.1242E-09  3.4771E-09  2.0998E-09  2.1264E-09  1.6448E-09  1.1659E-09
       1.2680E-09  2.0053E-09  8.3316E-10  2.5180E-09  2.4585E-09  1.1574E-09  1.0815E-09  8.4925E-10  6.6122E-10  9.9019E-10
       1.1326E-09  1.0466E-09  1.7154E-09  8.0943E-10  1.1243E-09  5.0798E-09  5.3124E-09  9.6698E-10  1.2685E-09  3.4852E-09
       1.8990E-09  2.2134E-09  2.5789E-09  8.5880E-10  1.2324E-09  2.7489E-09  1.6709E-09  1.3348E-09  3.9353E-09  2.3560E-09
       1.2974E-09  1.7686E-09  1.2453E-09  3.4501E-09  2.1750E-09  1.7445E-09  2.1179E-09  3.3487E-09  1.7265E-09  2.4857E-09
       1.7070E-09  1.1213E-09  9.9166E-10  2.0763E-09  1.5531E-09  3.6117E-09  9.1987E-09  2.4101E-09  2.3000E-09  2.2381E-09
       1.9673E-09  2.5971E-09  2.6000E-09  3.3377E-09  1.6145E-09  1.6748E-09  2.0510E-09  2.7134E-09  1.9822E-09  2.2169E-09
       2.4873E-09  4.4219E-09  3.7798E-09  5.7564E-09  4.4354E-09  2.7881E-09  2.2837E-09  3.0887E-09  1.9908E-09  1.8511E-09
       5.2552E-09  4.3395E-09  2.5249E-09  2.4257E-09  2.8543E-09  6.0819E-09  5.9163E-09  2.2874E-09  2.1327E-09  2.6941E-09
       5.5357E-09  4.1937E-09  7.8577E-09  4.8031E-09  5.0000E-09  4.1421E-09  1.8092E-09  2.2438E-09  1.0792E-09  1.3591E-09
       2.7105E-09  2.7468E-09  1.9377E-09  2.8859E-09  3.7801E-09  3.9111E-09  1.3328E-09  1.5160E-09  2.5237E-09  4.0466E-09
       2.0339E-09  1.4322E-09  1.9884E-09  2.8813E-09  2.6331E-09  3.1635E-09  4.4952E-09  1.9418E-09  1.3259E-09  1.1071E-09
       1.6376E-09  2.0216E-09  3.0775E-09  2.4397E-09  1.0759E-09  5.6723E-09  3.7684E-09  8.6192E-09  1.7520E-09  1.6318E-09
       1.1851E-09  1.0904E-09  2.5654E-09  2.7452E-09  3.7344E-09  1.2116E-09  1.1576E-09  1.1202E-09  2.5245E-09  2.2602E-09
       1.9760E-09  1.8657E-09  2.1578E-09  2.4909E-09  7.5866E-10  1.0368E-09  2.1692E-09  1.7227E-09  2.5363E-09  2.3523E-09
       3.1271E-09  2.3484E-09  2.7109E-09  1.9011E-09  2.8858E-09  2.0023E-09  2.3650E-09  1.8747E-09  9.7868E-10  1.1489E-09
       8.3987E-10  9.6937E-10  1.1491E-09  8.5826E-10  2.7067E-09  1.4570E-09  3.1732E-09  2.1555E-09  2.8563E-09  1.7029E-09
       2.2865E-09  1.6459E-09  1.7028E-09  2.6792E-09  1.3069E-09  1.5015E-09  2.8249E-09  1.3994E-09  2.4632E-09  1.9715E-09
       1.4604E-09  1.5897E-09  1.1366E-09  2.0981E-09  8.9266E-10  9.6263E-10  1.8640E-09  1.2845E-09  1.1584E-09  2.8018E-09
       2.1706E-09  2.5202E-09  2.3372E-09  3.1788E-09  1.5990E-09  2.0822E-09  1.6030E-09  2.9295E-09  1.5790E-09  2.8943E-09
       1.2859E-09  1.1301E-09  1.4235E-09  1.6961E-09  1.2497E-09  1.1043E-09  1.2120E-09  1.2260E-09  2.4626E-09  4.1091E-09
       2.0075E-09  2.5929E-09  3.7224E-09  4.9107E-09  1.1275E-09  1.3725E-09  8.9442E-10  9.3495E-10  1.3057E-09  2.0255E-09
       9.4882E-10  1.0607E-09  9.8435E-10  1.1210E-09  1.2252E-09  1.2120E-09  1.9303E-09  1.8034E-09  1.4055E-09  1.3661E-09
       1.5651E-09  1.8792E-09  2.9045E-09  1.2699E-09  2.7664E-09  1.6002E-09  1.7295E-09  1.3016E-09  2.0392E-09  1.5034E-09
       1.7340E-09  1.4647E-09  2.3079E-09  2.0993E-09  2.2792E-09  1.7722E-09  2.4295E-09  1.9811E-09  1.4290E-09  1.4008E-09
       1.2175E-09  1.3834E-09  1.1328E-09  1.2526E-09  2.0618E-09  2.3674E-09  1.8199E-09  5.1370E-09  3.4468E-09  9.8246E-10
       2.1159E-09  2.0832E-09  1.6059E-09  1.1842E-09  1.9025E-09  2.0192E-09  1.4128E-09  1.0723E-09  2.4598E-09  1.2148E-09
       1.3028E-09  4.2879E-09  1.5834E-09  2.9554E-09  8.6488E-10  1.0302E-09  9.9568E-09  3.9081E-09  1.1799E-09  1.2872E-09
       8.7052E-10  9.7100E-10  5.1451E-10  5.5261E-10  6.0861E-10  1.0993E-09  6.6509E-10  1.1134E-09  7.6900E-10  2.9062E-09
       1.1519E-09  2.0117E-09  1.9550E-09  2.1875E-09  2.6579E-09  3.5043E-09  1.6158E-09  1.7777E-09  8.6845E-10  9.2439E-10
       1.2569E-09  1.0303E-09  1.0396E-09  1.2012E-09  1.1190E-09  1.2724E-09  2.9589E-09  4.0610E-09  3.5316E-09  2.4552E-09
       1.4088E-09  1.2471E-09  1.2440E-09  1.5404E-09  2.0310E-09  6.7192E-10  7.0609E-10  7.1996E-10  1.6020E-09  1.4527E-09
       7.9310E-10  1.0745E-09  7.0850E-10  1.9223E-09  8.8360E-10  8.4397E-10  1.0054E-09  9.0070E-10  1.2429E-09  1.0093E-09
       1.3372E-09  1.2176E-09  1.1120E-09  1.1322E-09  1.6800E-09  1.7294E-09  2.4879E-09  1.9102E-09  1.1730E-09  1.1175E-09
       9.8203E-10  7.7418E-10  2.0812E-09  1.6623E-09  1.8595E-09  4.8313E-09  1.0852E-09  1.1325E-09  3.0344E-09  4.0148E-09
       1.6772E-09  2.3342E-09  1.6482E-09  4.2487E-09  1.3666E-09  2.2464E-09  1.9919E-09  2.7222E-09  1.1068E-09  2.3755E-09
