
 *****                                                                                    *****

           DATE:  3/16/22,  TIME: 12:54:50

          Total number of particles followed          50000, for a total weight of  5.0000E+04

1
   Cartesian binning n.   1  "E1        " , generalized particle n.  208
      X coordinate: from -2.5000E+01 to  2.5000E+01 cm,     1 bins ( 5.0000E+01 cm wide)
      Y coordinate: from -2.5000E+01 to  2.5000E+01 cm,     1 bins ( 5.0000E+01 cm wide)
      Z coordinate: from  0.0000E+00 to  2.5000E+01 cm,  1000 bins ( 2.5000E-02 cm wide)
      Data follow in a matrix A(ix,iy,iz), format (1(5x,1p,10(1x,e11.4)))

      accurate deposition along the tracks requested
       2.2251E-06  2.2748E-06  2.3201E-06  2.3103E-06  2.3382E-06  2.3741E-06  2.3979E-06  2.3695E-06  2.3915E-06  2.3911E-06
       2.3675E-06  2.3557E-06  2.3350E-06  2.3687E-06  2.3684E-06  2.3873E-06  2.3621E-06  2.3634E-06  2.3824E-06  2.3815E-06
       2.3748E-06  2.3873E-06  2.4214E-06  2.4526E-06  2.4451E-06  2.4300E-06  2.4279E-06  2.4245E-06  2.3842E-06  2.4504E-06
       2.4722E-06  2.4119E-06  2.4277E-06  2.4706E-06  2.4342E-06  2.4130E-06  2.4418E-06  2.5021E-06  2.4685E-06  2.4659E-06
       2.4682E-06  2.4705E-06  2.4575E-06  2.4583E-06  2.5056E-06  2.4710E-06  2.4872E-06  2.4742E-06  2.4378E-06  2.4738E-06
       2.4695E-06  2.4826E-06  2.4640E-06  2.4427E-06  2.4535E-06  2.4599E-06  2.4791E-06  2.5012E-06  2.4989E-06  2.5258E-06
       2.5139E-06  2.5549E-06  2.5155E-06  2.4779E-06  2.5088E-06  2.5287E-06  2.4894E-06  2.5621E-06  2.5400E-06  2.5156E-06
       2.5375E-06  2.5505E-06  2.5437E-06  2.5373E-06  2.5679E-06  2.5188E-06  2.5135E-06  2.5752E-06  2.5451E-06  2.5711E-06
       2.5785E-06  2.5856E-06  2.5924E-06  2.5991E-06  2.5522E-06  2.5974E-06  2.5859E-06  2.5705E-06  2.5467E-06  2.5664E-06
       2.5660E-06  2.5702E-06  2.5758E-06  2.5722E-06  2.5858E-06  2.5879E-06  2.5830E-06  2.5498E-06  2.5969E-06  2.6044E-06
       2.6147E-06  2.5825E-06  2.5544E-06  2.5582E-06  2.5811E-06  2.5941E-06  2.6191E-06  2.6091E-06  2.6014E-06  2.5973E-06
       2.6054E-06  2.6117E-06  2.6018E-06  2.6277E-06  2.6229E-06  2.6387E-06  2.6314E-06  2.6416E-06  2.6099E-06  2.6362E-06
       2.6023E-06  2.6490E-06  2.6713E-06  2.6269E-06  2.5986E-06  2.6183E-06  2.6258E-06  2.6568E-06  2.6414E-06  2.6656E-06
       2.6868E-06  2.6341E-06  2.6223E-06  2.6262E-06  2.6879E-06  2.6314E-06  2.6265E-06  2.6439E-06  2.6880E-06  2.6643E-06
       2.6888E-06  2.6646E-06  2.6855E-06  2.6534E-06  2.6417E-06  2.6583E-06  2.6384E-06  2.6441E-06  2.6603E-06  2.6861E-06
       2.6748E-06  2.6666E-06  2.6253E-06  2.6519E-06  2.6585E-06  2.6985E-06  2.6723E-06  2.6533E-06  2.6784E-06  2.6672E-06
       2.6404E-06  2.7122E-06  2.7068E-06  2.7144E-06  2.7124E-06  2.6899E-06  2.7163E-06  2.7091E-06  2.6886E-06  2.7116E-06
       2.6816E-06  2.7176E-06  2.7189E-06  2.6938E-06  2.7298E-06  2.7307E-06  2.7418E-06  2.7443E-06  2.6876E-06  2.7301E-06
       2.7133E-06  2.7188E-06  2.7188E-06  2.7245E-06  2.7821E-06  2.7576E-06  2.7603E-06  2.7271E-06  2.7069E-06  2.7288E-06
       2.7344E-06  2.7484E-06  2.7336E-06  2.7543E-06  2.7515E-06  2.7586E-06  2.7609E-06  2.7738E-06  2.7795E-06  2.7800E-06
       2.7647E-06  2.8027E-06  2.7653E-06  2.7356E-06  2.7452E-06  2.7605E-06  2.7642E-06  2.7417E-06  2.7727E-06  2.7527E-06
       2.7450E-06  2.7869E-06  2.7741E-06  2.8045E-06  2.8019E-06  2.8263E-06  2.7839E-06  2.8200E-06  2.7828E-06  2.8122E-06
       2.8289E-06  2.8124E-06  2.7790E-06  2.8031E-06  2.7900E-06  2.8446E-06  2.7787E-06  2.8091E-06  2.8012E-06  2.8224E-06
       2.7942E-06  2.8175E-06  2.8503E-06  2.8782E-06  2.8381E-06  2.8115E-06  2.8236E-06  2.8184E-06  2.8381E-06  2.8375E-06
       2.8238E-06  2.8250E-06  2.8084E-06  2.8362E-06  2.8789E-06  2.8417E-06  2.8718E-06  2.8540E-06  2.8329E-06  2.8279E-06
       2.8348E-06  2.8774E-06  2.8429E-06  2.8555E-06  2.8743E-06  2.8615E-06  2.8391E-06  2.8549E-06  2.8294E-06  2.9056E-06
       2.8295E-06  2.8688E-06  2.8891E-06  2.9126E-06  2.8934E-06  2.9052E-06  2.8874E-06  2.9158E-06  2.9186E-06  2.9348E-06
       2.9421E-06  2.9514E-06  2.8634E-06  2.9100E-06  2.8972E-06  2.8674E-06  2.8733E-06  2.8893E-06  2.8700E-06  2.8755E-06
       2.8731E-06  2.9099E-06  2.8713E-06  2.9536E-06  2.9348E-06  2.9014E-06  2.9122E-06  2.8605E-06  2.8960E-06  2.8804E-06
       2.8957E-06  2.8900E-06  2.9182E-06  2.9021E-06  2.9242E-06  2.9281E-06  2.8876E-06  2.8884E-06  2.9043E-06  2.9018E-06
       2.9499E-06  2.9330E-06  2.9118E-06  2.9289E-06  2.9466E-06  2.9370E-06  2.9944E-06  2.9934E-06  3.0249E-06  2.9853E-06
       2.9896E-06  2.9391E-06  2.9480E-06  2.9298E-06  2.9477E-06  2.9818E-06  2.9770E-06  2.9933E-06  3.0163E-06  3.0185E-06
       3.0172E-06  2.9848E-06  2.9541E-06  2.9925E-06  2.9652E-06  3.0137E-06  3.0312E-06  3.0045E-06  2.9971E-06  3.0334E-06
       3.0088E-06  3.0224E-06  3.0025E-06  2.9826E-06  3.0401E-06  3.0584E-06  3.0435E-06  3.0292E-06  3.0579E-06  3.0136E-06
       2.9925E-06  3.0315E-06  3.0625E-06  3.0443E-06  3.0218E-06  3.0344E-06  3.0377E-06  3.0908E-06  3.0930E-06  3.0581E-06
       3.1032E-06  3.0839E-06  3.0323E-06  3.0489E-06  3.0882E-06  3.0896E-06  3.0522E-06  3.0783E-06  3.0817E-06  3.0928E-06
       3.0808E-06  3.0670E-06  3.0850E-06  3.1070E-06  3.0697E-06  3.1121E-06  3.1100E-06  3.1068E-06  3.1025E-06  3.1321E-06
       3.0942E-06  3.0856E-06  3.0824E-06  3.0714E-06  3.1220E-06  3.1313E-06  3.0893E-06  3.1385E-06  3.1608E-06  3.1294E-06
       3.1560E-06  3.1254E-06  3.0998E-06  3.1236E-06  3.0871E-06  3.1008E-06  3.1556E-06  3.1924E-06  3.1259E-06  3.1314E-06
       3.1433E-06  3.1363E-06  3.1250E-06  3.1328E-06  3.1617E-06  3.1331E-06  3.1275E-06  3.1088E-06  3.1158E-06  3.1360E-06
       3.1499E-06  3.1725E-06  3.1716E-06  3.1665E-06  3.1457E-06  3.1640E-06  3.1833E-06  3.1876E-06  3.1517E-06  3.1377E-06
       3.1510E-06  3.1622E-06  3.1620E-06  3.1931E-06  3.1917E-06  3.1747E-06  3.1706E-06  3.1952E-06  3.1925E-06  3.2002E-06
       3.2309E-06  3.1967E-06  3.2289E-06  3.2146E-06  3.2047E-06  3.2105E-06  3.2575E-06  3.2328E-06  3.2345E-06  3.2496E-06
       3.2532E-06  3.2789E-06  3.2764E-06  3.2665E-06  3.2384E-06  3.2964E-06  3.2740E-06  3.2788E-06  3.2595E-06  3.3055E-06
       3.2682E-06  3.2710E-06  3.2995E-06  3.2875E-06  3.2752E-06  3.2715E-06  3.3076E-06  3.2984E-06  3.3293E-06  3.2877E-06
       3.2986E-06  3.3321E-06  3.3274E-06  3.3649E-06  3.3577E-06  3.3365E-06  3.3568E-06  3.3345E-06  3.3568E-06  3.3408E-06
       3.3533E-06  3.3346E-06  3.3521E-06  3.3725E-06  3.3711E-06  3.3729E-06  3.3727E-06  3.4157E-06  3.3911E-06  3.3742E-06
       3.3844E-06  3.3958E-06  3.3861E-06  3.3956E-06  3.3749E-06  3.4633E-06  3.4437E-06  3.4582E-06  3.4286E-06  3.4391E-06
       3.4305E-06  3.4538E-06  3.4221E-06  3.4856E-06  3.4339E-06  3.4721E-06  3.5113E-06  3.4850E-06  3.4497E-06  3.4499E-06
       3.4647E-06  3.4593E-06  3.4742E-06  3.4964E-06  3.4841E-06  3.4659E-06  3.5018E-06  3.4885E-06  3.5204E-06  3.5197E-06
       3.5214E-06  3.5066E-06  3.5289E-06  3.5532E-06  3.5801E-06  3.5717E-06  3.5595E-06  3.6193E-06  3.5733E-06  3.5714E-06
       3.5955E-06  3.5615E-06  3.6135E-06  3.6011E-06  3.5681E-06  3.5777E-06  3.5934E-06  3.6317E-06  3.6290E-06  3.6356E-06
       3.6321E-06  3.6199E-06  3.6363E-06  3.6527E-06  3.6838E-06  3.6672E-06  3.6945E-06  3.6697E-06  3.7104E-06  3.6622E-06
       3.6862E-06  3.7244E-06  3.7532E-06  3.7392E-06  3.7420E-06  3.7694E-06  3.8006E-06  3.7793E-06  3.7449E-06  3.7556E-06
       3.7773E-06  3.7891E-06  3.7921E-06  3.8011E-06  3.8164E-06  3.8136E-06  3.8329E-06  3.7966E-06  3.8451E-06  3.8371E-06
       3.8331E-06  3.8646E-06  3.8829E-06  3.8780E-06  3.9250E-06  3.9132E-06  3.9736E-06  3.9662E-06  3.9915E-06  3.9966E-06
       4.0083E-06  4.0589E-06  4.0716E-06  4.0685E-06  4.0977E-06  4.1126E-06  4.1198E-06  4.1391E-06  4.1501E-06  4.1656E-06
       4.1808E-06  4.1902E-06  4.1788E-06  4.2040E-06  4.2026E-06  4.2060E-06  4.1945E-06  4.2076E-06  4.2142E-06  4.1976E-06
       4.2070E-06  4.2165E-06  4.1969E-06  4.2361E-06  4.2252E-06  4.2249E-06  4.1891E-06  4.2114E-06  4.2100E-06  4.2055E-06
       4.1872E-06  4.2090E-06  4.2128E-06  4.1910E-06  4.1780E-06  4.1674E-06  4.1969E-06  4.1571E-06  4.1542E-06  4.1569E-06
       4.1546E-06  4.1794E-06  4.1686E-06  4.1459E-06  4.1503E-06  4.1534E-06  4.1635E-06  4.1602E-06  4.1934E-06  4.1704E-06
       4.1623E-06  4.1676E-06  4.1742E-06  4.1789E-06  4.1715E-06  4.1558E-06  4.1873E-06  4.1779E-06  4.1684E-06  4.1866E-06
       4.1780E-06  4.1697E-06  4.1573E-06  4.1598E-06  4.1530E-06  4.1629E-06  4.1654E-06  4.1866E-06  4.1914E-06  4.1794E-06
       4.1756E-06  4.1762E-06  4.2016E-06  4.1836E-06  4.1877E-06  4.1686E-06  4.1846E-06  4.1649E-06  4.1642E-06  4.1496E-06
       4.1631E-06  4.1735E-06  4.1466E-06  4.1429E-06  4.1630E-06  4.1704E-06  4.1503E-06  4.1560E-06  4.1993E-06  4.1641E-06
       4.1584E-06  4.1263E-06  4.1475E-06  4.1496E-06  4.1426E-06  4.1105E-06  4.1259E-06  4.1169E-06  4.0955E-06  4.0937E-06
       4.1015E-06  4.1148E-06  4.0783E-06  4.0940E-06  4.1034E-06  4.0857E-06  4.0758E-06  4.0739E-06  4.0840E-06  4.0823E-06
       4.0807E-06  4.0780E-06  4.0851E-06  4.1071E-06  4.1112E-06  4.0995E-06  4.1060E-06  4.1040E-06  4.1148E-06  4.1139E-06
       4.1054E-06  4.1072E-06  4.1088E-06  4.0879E-06  4.1142E-06  4.1171E-06  4.1065E-06  4.0932E-06  4.1165E-06  4.1051E-06
       4.1150E-06  4.0974E-06  4.0931E-06  4.0934E-06  4.0859E-06  4.0762E-06  4.0963E-06  4.0919E-06  4.0786E-06  4.0681E-06
       4.0867E-06  4.1034E-06  4.0909E-06  4.0560E-06  4.0785E-06  4.0802E-06  4.0773E-06  4.0867E-06  4.0895E-06  4.0880E-06
       4.0962E-06  4.1030E-06  4.1124E-06  4.1151E-06  4.1035E-06  4.0746E-06  4.0815E-06  4.0941E-06  4.0916E-06  4.0659E-06
       4.1138E-06  4.0883E-06  4.0860E-06  4.0808E-06  4.1154E-06  4.0874E-06  4.0860E-06  4.0775E-06  4.0971E-06  4.0838E-06
       4.0867E-06  4.0802E-06  4.0808E-06  4.0815E-06  4.0730E-06  4.0442E-06  4.0579E-06  4.0717E-06  4.0446E-06  4.0421E-06
       4.0839E-06  4.0890E-06  4.0811E-06  4.0869E-06  4.0809E-06  4.0751E-06  4.0738E-06  4.0483E-06  4.0954E-06  4.1066E-06
       4.0879E-06  4.0882E-06  4.0979E-06  4.1047E-06  4.0727E-06  4.0483E-06  4.0887E-06  4.1316E-06  4.1163E-06  4.1018E-06
       4.1302E-06  4.1287E-06  4.1322E-06  4.0990E-06  4.1221E-06  4.1412E-06  4.1373E-06  4.1391E-06  4.1462E-06  4.1507E-06
       4.1361E-06  4.1132E-06  4.1309E-06  4.1316E-06  4.1185E-06  4.0998E-06  4.1274E-06  4.1350E-06  4.1280E-06  4.1134E-06
       4.1580E-06  4.1482E-06  4.1423E-06  4.1090E-06  4.1397E-06  4.1608E-06  4.1420E-06  4.1618E-06  4.1733E-06  4.1817E-06
       4.1555E-06  4.1370E-06  4.1746E-06  4.1701E-06  4.1662E-06  4.1393E-06  4.1531E-06  4.1572E-06  4.1486E-06  4.1265E-06
       4.1594E-06  4.1217E-06  4.0800E-06  4.0442E-06  4.0620E-06  4.0145E-06  3.9345E-06  3.8762E-06  3.8275E-06  3.7703E-06
       3.6664E-06  3.5220E-06  3.4350E-06  3.2750E-06  3.1075E-06  2.9497E-06  2.8178E-06  2.6461E-06  2.4644E-06  2.2845E-06
       2.0941E-06  1.8784E-06  1.6743E-06  1.4961E-06  1.3150E-06  1.1490E-06  9.9407E-07  8.4798E-07  7.2040E-07  6.1062E-07
       5.0290E-07  4.1708E-07  3.4563E-07  2.7857E-07  2.2232E-07  1.7758E-07  1.4052E-07  1.0780E-07  8.8392E-08  7.3062E-08
       5.3760E-08  4.7979E-08  3.0810E-08  3.0685E-08  2.5855E-08  2.0521E-08  2.2858E-08  2.3203E-08  2.0552E-08  2.6524E-08
       1.6988E-08  1.9858E-08  1.8945E-08  1.8589E-08  1.3267E-08  1.5193E-08  1.6632E-08  1.8054E-08  2.1873E-08  1.9213E-08
       2.5267E-08  2.0389E-08  1.9032E-08  1.7058E-08  1.7799E-08  1.7102E-08  1.7579E-08  1.7768E-08  2.6525E-08  3.1811E-08
       2.5659E-08  1.7568E-08  2.3062E-08  3.0748E-08  2.0073E-08  1.8140E-08  1.5518E-08  1.8443E-08  2.4583E-08  2.2159E-08
       2.0432E-08  1.6683E-08  1.7331E-08  2.2449E-08  2.2842E-08  1.5408E-08  1.7943E-08  1.3905E-08  1.4937E-08  1.7427E-08
       1.3268E-08  1.5653E-08  1.6735E-08  2.1435E-08  1.8563E-08  2.1011E-08  2.1404E-08  1.2664E-08  1.6089E-08  1.9153E-08
       1.9638E-08  2.0600E-08  1.4158E-08  1.8571E-08  1.6442E-08  2.8612E-08  2.6815E-08  2.3649E-08  1.6377E-08  2.2159E-08
       2.1853E-08  2.2525E-08  1.6366E-08  1.4305E-08  2.8686E-08  2.6524E-08  1.7785E-08  1.8996E-08  2.2386E-08  1.8967E-08
       2.6355E-08  1.6343E-08  1.6762E-08  1.4971E-08  2.2264E-08  1.6734E-08  1.8892E-08  1.8308E-08  2.3117E-08  1.9412E-08
       2.3413E-08  1.7675E-08  1.7726E-08  1.5749E-08  2.3815E-08  2.1151E-08  2.2369E-08  1.7109E-08  2.1874E-08  2.8920E-08
       1.4916E-08  1.8337E-08  1.9332E-08  2.8966E-08  2.5682E-08  1.6481E-08  1.5868E-08  1.5984E-08  1.7154E-08  1.7834E-08
       2.0148E-08  1.6470E-08  1.8647E-08  1.8946E-08  2.2448E-08  1.8960E-08  1.5717E-08  2.7898E-08  1.5359E-08  1.9143E-08
       2.5169E-08  1.7570E-08  1.6559E-08  1.9925E-08  2.1179E-08  2.1427E-08  2.4252E-08  2.3018E-08  2.4365E-08  2.6726E-08
       1.7984E-08  2.2170E-08  2.6180E-08  1.5775E-08  1.9404E-08  2.6963E-08  2.2393E-08  2.2446E-08  2.4798E-08  2.6248E-08
       1.7375E-08  1.7624E-08  1.7196E-08  1.7055E-08  1.5926E-08  1.5700E-08  1.6205E-08  2.0919E-08  2.2403E-08  1.3794E-08
       1.7179E-08  2.6188E-08  2.0160E-08  2.4233E-08  1.9509E-08  1.2662E-08  1.6155E-08  2.5703E-08  1.2590E-08  1.6015E-08
