
 *****                                                                                    *****

           DATE:  3/16/22,  TIME: 12:50:23

          Total number of particles followed          50000, for a total weight of  5.0000E+04

1
   Cartesian binning n.   1  "E1        " , generalized particle n.  208
      X coordinate: from -2.5000E+01 to  2.5000E+01 cm,     1 bins ( 5.0000E+01 cm wide)
      Y coordinate: from -2.5000E+01 to  2.5000E+01 cm,     1 bins ( 5.0000E+01 cm wide)
      Z coordinate: from  0.0000E+00 to  2.5000E+01 cm,  1000 bins ( 2.5000E-02 cm wide)
      Data follow in a matrix A(ix,iy,iz), format (1(5x,1p,10(1x,e11.4)))

      accurate deposition along the tracks requested
       2.2292E-06  2.2769E-06  2.2965E-06  2.3013E-06  2.3398E-06  2.3536E-06  2.3360E-06  2.3416E-06  2.3307E-06  2.3545E-06
       2.3230E-06  2.3494E-06  2.3652E-06  2.3516E-06  2.3510E-06  2.3808E-06  2.3590E-06  2.3658E-06  2.3771E-06  2.3981E-06
       2.3791E-06  2.3872E-06  2.3931E-06  2.4012E-06  2.4399E-06  2.4205E-06  2.3594E-06  2.4187E-06  2.4552E-06  2.4112E-06
       2.4001E-06  2.4224E-06  2.4073E-06  2.4252E-06  2.4355E-06  2.4722E-06  2.5269E-06  2.4677E-06  2.4352E-06  2.4383E-06
       2.4272E-06  2.4309E-06  2.4864E-06  2.4712E-06  2.4418E-06  2.4740E-06  2.4920E-06  2.4550E-06  2.4886E-06  2.5066E-06
       2.4624E-06  2.5330E-06  2.4777E-06  2.4539E-06  2.4955E-06  2.4819E-06  2.4849E-06  2.4867E-06  2.4909E-06  2.5134E-06
       2.4883E-06  2.4949E-06  2.4856E-06  2.5038E-06  2.5431E-06  2.5338E-06  2.5093E-06  2.5110E-06  2.5627E-06  2.5580E-06
       2.5258E-06  2.5612E-06  2.5123E-06  2.5558E-06  2.5632E-06  2.5774E-06  2.5854E-06  2.5362E-06  2.5780E-06  2.5691E-06
       2.5298E-06  2.5398E-06  2.5271E-06  2.5298E-06  2.5482E-06  2.5518E-06  2.5555E-06  2.5815E-06  2.5349E-06  2.5457E-06
       2.5564E-06  2.5471E-06  2.5848E-06  2.5669E-06  2.5908E-06  2.6259E-06  2.6573E-06  2.5830E-06  2.5692E-06  2.5799E-06
       2.5444E-06  2.5826E-06  2.5798E-06  2.5838E-06  2.6054E-06  2.5663E-06  2.5798E-06  2.6093E-06  2.6169E-06  2.6125E-06
       2.5955E-06  2.6140E-06  2.5947E-06  2.6182E-06  2.6003E-06  2.6098E-06  2.6071E-06  2.6144E-06  2.6212E-06  2.6258E-06
       2.5852E-06  2.6449E-06  2.6086E-06  2.6467E-06  2.6018E-06  2.6189E-06  2.6664E-06  2.6275E-06  2.6338E-06  2.6629E-06
       2.6498E-06  2.6816E-06  2.6854E-06  2.6415E-06  2.6120E-06  2.6651E-06  2.6090E-06  2.6441E-06  2.6381E-06  2.6670E-06
       2.6296E-06  2.6761E-06  2.6253E-06  2.6739E-06  2.6108E-06  2.6861E-06  2.6966E-06  2.7129E-06  2.6575E-06  2.6625E-06
       2.6700E-06  2.7033E-06  2.6950E-06  2.6935E-06  2.7048E-06  2.6930E-06  2.7099E-06  2.7062E-06  2.6958E-06  2.7382E-06
       2.7002E-06  2.6589E-06  2.6939E-06  2.6991E-06  2.6603E-06  2.7152E-06  2.6887E-06  2.6942E-06  2.6800E-06  2.7148E-06
       2.7545E-06  2.7646E-06  2.8106E-06  2.7079E-06  2.7135E-06  2.7946E-06  2.7428E-06  2.7012E-06  2.7550E-06  2.7605E-06
       2.7762E-06  2.7726E-06  2.7942E-06  2.7309E-06  2.7573E-06  2.7477E-06  2.7260E-06  2.7575E-06  2.7643E-06  2.7458E-06
       2.7616E-06  2.7638E-06  2.7596E-06  2.7936E-06  2.7742E-06  2.7814E-06  2.7957E-06  2.7792E-06  2.7675E-06  2.7855E-06
       2.7551E-06  2.7400E-06  2.7986E-06  2.8305E-06  2.7923E-06  2.8022E-06  2.7875E-06  2.7840E-06  2.8063E-06  2.8024E-06
       2.8177E-06  2.8120E-06  2.8164E-06  2.7867E-06  2.7810E-06  2.7989E-06  2.8056E-06  2.7963E-06  2.8133E-06  2.8194E-06
       2.8210E-06  2.8478E-06  2.8311E-06  2.8653E-06  2.8184E-06  2.8399E-06  2.8611E-06  2.8344E-06  2.8150E-06  2.8120E-06
       2.8417E-06  2.8700E-06  2.8409E-06  2.8730E-06  2.8230E-06  2.8576E-06  2.8425E-06  2.8168E-06  2.8504E-06  2.8681E-06
       2.8281E-06  2.8543E-06  2.8038E-06  2.8445E-06  2.8335E-06  2.8483E-06  2.8275E-06  2.8016E-06  2.8348E-06  2.8710E-06
       2.8402E-06  2.8243E-06  2.8814E-06  2.8971E-06  2.8865E-06  2.8555E-06  2.8735E-06  2.8774E-06  2.9003E-06  2.9049E-06
       2.8966E-06  2.8716E-06  2.8747E-06  2.8708E-06  2.8777E-06  2.8961E-06  2.8654E-06  2.8996E-06  2.9339E-06  2.9707E-06
       2.9767E-06  2.9470E-06  2.8932E-06  2.9504E-06  2.9301E-06  2.9613E-06  2.9739E-06  2.9344E-06  2.8862E-06  2.8739E-06
       2.8896E-06  2.8904E-06  2.8906E-06  2.9343E-06  2.9009E-06  2.9065E-06  2.9119E-06  2.9244E-06  2.9343E-06  2.8825E-06
       2.9303E-06  2.9184E-06  2.9412E-06  2.9561E-06  2.9289E-06  2.9800E-06  2.9553E-06  2.9609E-06  2.9377E-06  2.9207E-06
       2.9865E-06  2.9433E-06  2.9398E-06  2.9450E-06  2.9422E-06  2.9727E-06  2.9589E-06  2.9834E-06  3.0090E-06  3.0090E-06
       2.9546E-06  2.9941E-06  2.9788E-06  3.0305E-06  2.9858E-06  2.9534E-06  2.9984E-06  2.9982E-06  2.9690E-06  2.9648E-06
       3.0137E-06  3.0182E-06  3.0224E-06  3.0285E-06  3.0296E-06  2.9986E-06  2.9901E-06  3.0131E-06  3.0240E-06  3.0269E-06
       3.0183E-06  3.0269E-06  3.0229E-06  3.0168E-06  2.9992E-06  3.0254E-06  3.0195E-06  3.0096E-06  3.0801E-06  3.0421E-06
       3.0184E-06  3.0371E-06  3.0285E-06  3.0433E-06  3.0232E-06  3.0259E-06  3.0445E-06  3.0232E-06  3.0305E-06  3.0264E-06
       3.0597E-06  3.0614E-06  3.0330E-06  3.0732E-06  3.0921E-06  3.0925E-06  3.0411E-06  2.9981E-06  3.0409E-06  3.0652E-06
       3.0782E-06  3.0985E-06  3.0977E-06  3.1052E-06  3.0802E-06  3.0669E-06  3.0727E-06  3.0699E-06  3.0696E-06  3.1239E-06
       3.1159E-06  3.1371E-06  3.1205E-06  3.0999E-06  3.1160E-06  3.1262E-06  3.1261E-06  3.0986E-06  3.1060E-06  3.0969E-06
       3.1309E-06  3.0879E-06  3.1093E-06  3.1276E-06  3.1287E-06  3.1609E-06  3.1505E-06  3.1473E-06  3.1014E-06  3.1156E-06
       3.1294E-06  3.1661E-06  3.1467E-06  3.1392E-06  3.1305E-06  3.1734E-06  3.1920E-06  3.1539E-06  3.1792E-06  3.1772E-06
       3.1792E-06  3.2277E-06  3.1477E-06  3.1892E-06  3.1794E-06  3.1551E-06  3.1804E-06  3.2078E-06  3.1959E-06  3.2009E-06
       3.2154E-06  3.2046E-06  3.2240E-06  3.1880E-06  3.2001E-06  3.1841E-06  3.1844E-06  3.1973E-06  3.1843E-06  3.2183E-06
       3.1836E-06  3.2307E-06  3.2254E-06  3.2224E-06  3.2043E-06  3.2218E-06  3.2226E-06  3.2442E-06  3.2190E-06  3.2254E-06
       3.2348E-06  3.2575E-06  3.2440E-06  3.2465E-06  3.2639E-06  3.2395E-06  3.2436E-06  3.2189E-06  3.2252E-06  3.2385E-06
       3.2619E-06  3.3093E-06  3.2582E-06  3.2563E-06  3.3368E-06  3.3031E-06  3.2768E-06  3.3280E-06  3.3031E-06  3.3042E-06
       3.3391E-06  3.3282E-06  3.2974E-06  3.3462E-06  3.3562E-06  3.3177E-06  3.3660E-06  3.3191E-06  3.3267E-06  3.3347E-06
       3.3396E-06  3.3715E-06  3.3667E-06  3.3422E-06  3.3333E-06  3.3773E-06  3.3910E-06  3.3700E-06  3.3483E-06  3.4170E-06
       3.3778E-06  3.4021E-06  3.3930E-06  3.4153E-06  3.3496E-06  3.3689E-06  3.3672E-06  3.4390E-06  3.4280E-06  3.4398E-06
       3.4351E-06  3.4074E-06  3.4048E-06  3.4491E-06  3.4191E-06  3.4271E-06  3.4075E-06  3.4540E-06  3.4238E-06  3.4418E-06
       3.4164E-06  3.4814E-06  3.4944E-06  3.4412E-06  3.4368E-06  3.4740E-06  3.4651E-06  3.4859E-06  3.4863E-06  3.5133E-06
       3.4860E-06  3.4873E-06  3.4773E-06  3.4700E-06  3.5166E-06  3.5064E-06  3.5525E-06  3.5781E-06  3.5786E-06  3.5597E-06
       3.5757E-06  3.5663E-06  3.5956E-06  3.5909E-06  3.5995E-06  3.5960E-06  3.5842E-06  3.5648E-06  3.6219E-06  3.6403E-06
       3.6204E-06  3.6420E-06  3.6449E-06  3.6528E-06  3.6409E-06  3.6579E-06  3.6291E-06  3.6869E-06  3.7273E-06  3.7451E-06
       3.6711E-06  3.7838E-06  3.7420E-06  3.7407E-06  3.7655E-06  3.7447E-06  3.7357E-06  3.7394E-06  3.7609E-06  3.7817E-06
       3.8039E-06  3.7906E-06  3.7999E-06  3.7798E-06  3.8181E-06  3.7938E-06  3.7997E-06  3.8329E-06  3.8013E-06  3.8499E-06
       3.8262E-06  3.8999E-06  3.9007E-06  3.8933E-06  3.8780E-06  3.9339E-06  3.9524E-06  3.9658E-06  3.9647E-06  4.0048E-06
       4.0054E-06  4.0138E-06  4.0472E-06  4.0478E-06  4.0683E-06  4.0766E-06  4.0883E-06  4.1156E-06  4.1348E-06  4.1661E-06
       4.1541E-06  4.1707E-06  4.1870E-06  4.1847E-06  4.2144E-06  4.2001E-06  4.2272E-06  4.2015E-06  4.2117E-06  4.2035E-06
       4.2171E-06  4.2193E-06  4.2241E-06  4.2158E-06  4.2256E-06  4.2457E-06  4.2489E-06  4.2539E-06  4.2899E-06  4.2316E-06
       4.2157E-06  4.2213E-06  4.2139E-06  4.2108E-06  4.2178E-06  4.2250E-06  4.2253E-06  4.1978E-06  4.2014E-06  4.1898E-06
       4.1923E-06  4.1996E-06  4.1907E-06  4.1983E-06  4.2191E-06  4.2029E-06  4.1820E-06  4.1914E-06  4.2063E-06  4.2257E-06
       4.2169E-06  4.1842E-06  4.2283E-06  4.1903E-06  4.1698E-06  4.1605E-06  4.1587E-06  4.1510E-06  4.1544E-06  4.1639E-06
       4.1822E-06  4.1844E-06  4.1666E-06  4.1474E-06  4.1623E-06  4.1394E-06  4.1649E-06  4.1346E-06  4.1273E-06  4.1472E-06
       4.1385E-06  4.1309E-06  4.1880E-06  4.1680E-06  4.1652E-06  4.1702E-06  4.1756E-06  4.1638E-06  4.1559E-06  4.1433E-06
       4.1514E-06  4.1441E-06  4.1212E-06  4.1303E-06  4.1243E-06  4.1404E-06  4.1432E-06  4.1409E-06  4.1255E-06  4.1135E-06
       4.0962E-06  4.1132E-06  4.1482E-06  4.1497E-06  4.1064E-06  4.0933E-06  4.1313E-06  4.1214E-06  4.1106E-06  4.0941E-06
       4.1189E-06  4.1168E-06  4.1068E-06  4.0728E-06  4.1095E-06  4.0954E-06  4.1085E-06  4.0970E-06  4.1078E-06  4.1284E-06
       4.1020E-06  4.1247E-06  4.1137E-06  4.1190E-06  4.0872E-06  4.0728E-06  4.0796E-06  4.0878E-06  4.0917E-06  4.0711E-06
       4.0827E-06  4.0806E-06  4.0626E-06  4.0849E-06  4.1027E-06  4.1126E-06  4.0928E-06  4.0882E-06  4.1082E-06  4.1007E-06
       4.0780E-06  4.0673E-06  4.0946E-06  4.0648E-06  4.0636E-06  4.0759E-06  4.0905E-06  4.0922E-06  4.0864E-06  4.0729E-06
       4.0905E-06  4.0812E-06  4.1076E-06  4.0851E-06  4.0955E-06  4.0904E-06  4.0807E-06  4.0636E-06  4.0891E-06  4.0765E-06
       4.0853E-06  4.0798E-06  4.0943E-06  4.0861E-06  4.0861E-06  4.0614E-06  4.0886E-06  4.0820E-06  4.0411E-06  4.0553E-06
       4.0559E-06  4.0531E-06  4.0451E-06  4.0395E-06  4.0668E-06  4.0508E-06  4.0447E-06  4.0322E-06  4.0745E-06  4.0308E-06
       4.0240E-06  4.0330E-06  4.0610E-06  4.0317E-06  4.0309E-06  4.0097E-06  4.0321E-06  4.0389E-06  4.0685E-06  4.0644E-06
       4.0992E-06  4.0945E-06  4.0982E-06  4.0735E-06  4.0974E-06  4.0946E-06  4.0861E-06  4.0696E-06  4.1043E-06  4.1208E-06
       4.0745E-06  4.0897E-06  4.1016E-06  4.0899E-06  4.0969E-06  4.0984E-06  4.1115E-06  4.0973E-06  4.1003E-06  4.0908E-06
       4.1059E-06  4.0913E-06  4.0921E-06  4.0758E-06  4.1034E-06  4.1096E-06  4.0939E-06  4.1047E-06  4.1102E-06  4.1397E-06
       4.1199E-06  4.1126E-06  4.1367E-06  4.1616E-06  4.1275E-06  4.1249E-06  4.1464E-06  4.1360E-06  4.1223E-06  4.1130E-06
       4.1400E-06  4.1534E-06  4.1403E-06  4.1379E-06  4.1668E-06  4.1873E-06  4.1720E-06  4.1536E-06  4.1861E-06  4.2073E-06
       4.1566E-06  4.1431E-06  4.1382E-06  4.1625E-06  4.1434E-06  4.1073E-06  4.1278E-06  4.1390E-06  4.1122E-06  4.0803E-06
       4.1154E-06  4.0918E-06  4.0670E-06  4.0238E-06  4.0117E-06  3.9904E-06  3.9269E-06  3.8800E-06  3.8222E-06  3.7246E-06
       3.6501E-06  3.5363E-06  3.4355E-06  3.3143E-06  3.1540E-06  2.9703E-06  2.8495E-06  2.6603E-06  2.4693E-06  2.2664E-06
       2.0847E-06  1.9180E-06  1.7342E-06  1.5310E-06  1.3534E-06  1.2120E-06  1.0366E-06  8.8647E-07  7.4158E-07  6.2178E-07
       5.0164E-07  4.0950E-07  3.3906E-07  2.7179E-07  2.3463E-07  1.7948E-07  1.4533E-07  1.0923E-07  9.3818E-08  7.0338E-08
       5.7714E-08  4.4385E-08  3.7711E-08  3.4035E-08  3.5020E-08  2.5604E-08  2.9903E-08  2.0728E-08  1.9234E-08  2.0913E-08
       2.0532E-08  2.7453E-08  2.6072E-08  3.6117E-08  2.3014E-08  2.5892E-08  1.7277E-08  1.4977E-08  3.0422E-08  2.2169E-08
       1.7865E-08  1.8384E-08  1.7655E-08  2.0317E-08  1.7921E-08  1.6311E-08  1.3114E-08  1.6496E-08  1.5512E-08  1.3071E-08
       1.8380E-08  2.1582E-08  1.5602E-08  2.1378E-08  1.8246E-08  2.3848E-08  2.3585E-08  2.0086E-08  1.9610E-08  2.9690E-08
       1.7201E-08  1.3511E-08  2.0266E-08  1.3417E-08  1.9197E-08  1.6692E-08  1.9091E-08  1.5958E-08  3.4966E-08  3.6409E-08
       2.5515E-08  2.2904E-08  1.8583E-08  2.5134E-08  2.8056E-08  2.9755E-08  2.0228E-08  3.3511E-08  1.7607E-08  2.3545E-08
       3.9629E-08  2.8994E-08  2.0720E-08  1.5989E-08  1.9825E-08  2.1954E-08  1.7168E-08  2.2699E-08  1.8242E-08  1.9161E-08
       2.4250E-08  2.0301E-08  1.8268E-08  1.7166E-08  1.5232E-08  1.8009E-08  2.1984E-08  2.9184E-08  2.1554E-08  2.2786E-08
       2.2906E-08  2.3579E-08  1.9959E-08  2.7508E-08  1.6857E-08  2.5555E-08  1.8671E-08  2.9623E-08  3.4087E-08  1.8427E-08
       1.6036E-08  1.3349E-08  1.4878E-08  1.9866E-08  3.1950E-08  1.9312E-08  2.5592E-08  2.2772E-08  3.3672E-08  2.5982E-08
       2.9437E-08  1.8057E-08  2.0365E-08  4.5178E-08  2.8857E-08  1.9166E-08  1.7866E-08  1.9865E-08  3.3296E-08  2.2582E-08
       1.9527E-08  1.9143E-08  1.9338E-08  1.5678E-08  2.5165E-08  1.6455E-08  1.7733E-08  2.1031E-08  1.7154E-08  1.7764E-08
       1.6495E-08  1.0454E-08  1.1626E-08  1.7867E-08  1.5495E-08  2.6494E-08  1.8982E-08  1.8704E-08  1.9353E-08  1.5547E-08
       1.6239E-08  2.0757E-08  1.6245E-08  2.1277E-08  2.7210E-08  2.2645E-08  2.3592E-08  1.7251E-08  2.0305E-08  1.8631E-08
       2.0802E-08  1.9492E-08  3.3158E-08  2.7851E-08  1.5976E-08  1.3150E-08  1.3367E-08  1.6956E-08  1.7807E-08  2.0534E-08
       2.7719E-08  2.6802E-08  2.2525E-08  2.3507E-08  2.5492E-08  1.7087E-08  2.7741E-08  2.1781E-08  1.7202E-08  2.7525E-08
