# Detector n: 1D Projection
 -1.0000000000E+00 -9.7400000000E-01  0.00000E+00  0.00000E+00
 -9.7400000000E-01 -9.4800000000E-01  0.00000E+00  0.00000E+00
 -9.4800000000E-01 -9.2200000000E-01  0.00000E+00  0.00000E+00
 -9.2200000000E-01 -8.9600000000E-01  0.00000E+00  0.00000E+00
 -8.9600000000E-01 -8.7000000000E-01  0.00000E+00  0.00000E+00
 -8.7000000000E-01 -8.4400000000E-01  0.00000E+00  0.00000E+00
 -8.4400000000E-01 -8.1800000000E-01  0.00000E+00  0.00000E+00
 -8.1800000000E-01 -7.9200000000E-01  0.00000E+00  0.00000E+00
 -7.9200000000E-01 -7.6600000000E-01  0.00000E+00  0.00000E+00
 -7.6600000000E-01 -7.4000000000E-01  0.00000E+00  0.00000E+00
 -7.4000000000E-01 -7.1400000000E-01  0.00000E+00  0.00000E+00
 -7.1400000000E-01 -6.8800000000E-01  0.00000E+00  0.00000E+00
 -6.8800000000E-01 -6.6200000000E-01  0.00000E+00  0.00000E+00
 -6.6200000000E-01 -6.3600000000E-01  0.00000E+00  0.00000E+00
 -6.3600000000E-01 -6.1000000000E-01  0.00000E+00  0.00000E+00
 -6.1000000000E-01 -5.8400000000E-01  0.00000E+00  0.00000E+00
 -5.8400000000E-01 -5.5800000000E-01  0.00000E+00  0.00000E+00
 -5.5800000000E-01 -5.3200000000E-01  0.00000E+00  0.00000E+00
 -5.3200000000E-01 -5.0600000000E-01  0.00000E+00  0.00000E+00
 -5.0600000000E-01 -4.8000000000E-01  0.00000E+00  0.00000E+00
 -4.8000000000E-01 -4.5400000000E-01  0.00000E+00  0.00000E+00
 -4.5400000000E-01 -4.2800000000E-01  0.00000E+00  0.00000E+00
 -4.2800000000E-01 -4.0200000000E-01  0.00000E+00  0.00000E+00
 -4.0200000000E-01 -3.7600000000E-01  0.00000E+00  0.00000E+00
 -3.7600000000E-01 -3.5000000000E-01  0.00000E+00  0.00000E+00
 -3.5000000000E-01 -3.2400000000E-01  0.00000E+00  0.00000E+00
 -3.2400000000E-01 -2.9800000000E-01  0.00000E+00  0.00000E+00
 -2.9800000000E-01 -2.7200000000E-01  0.00000E+00  0.00000E+00
 -2.7200000000E-01 -2.4600000000E-01  0.00000E+00  0.00000E+00
 -2.4600000000E-01 -2.2000000000E-01  0.00000E+00  0.00000E+00
 -2.2000000000E-01 -1.9400000000E-01  0.00000E+00  0.00000E+00
 -1.9400000000E-01 -1.6800000000E-01  0.00000E+00  0.00000E+00
 -1.6800000000E-01 -1.4200000000E-01  0.00000E+00  0.00000E+00
 -1.4200000000E-01 -1.1600000000E-01  0.00000E+00  0.00000E+00
 -1.1600000000E-01 -9.0000000000E-02  0.00000E+00  0.00000E+00
 -9.0000000000E-02 -6.4000000000E-02  0.00000E+00  0.00000E+00
 -6.4000000000E-02 -3.8000000000E-02  0.00000E+00  0.00000E+00
 -3.8000000000E-02 -1.2000000000E-02  0.00000E+00  0.00000E+00
 -1.2000000000E-02  1.4000000000E-02  3.79535E-05  5.57499E-01
  1.4000000000E-02  4.0000000000E-02  7.18458E-05  4.81621E-01
  4.0000000000E-02  6.6000000000E-02  7.31245E-05  4.37084E-01
  6.6000000000E-02  9.2000000000E-02  7.31863E-05  4.90300E-01
  9.2000000000E-02  1.1800000000E-01  7.40869E-05  5.09418E-01
  1.1800000000E-01  1.4400000000E-01  7.39393E-05  4.67980E-01
  1.4400000000E-01  1.7000000000E-01  7.39749E-05  4.79656E-01
  1.7000000000E-01  1.9600000000E-01  7.44926E-05  4.57325E-01
  1.9600000000E-01  2.2200000000E-01  7.44066E-05  4.53125E-01
  2.2200000000E-01  2.4800000000E-01  7.53347E-05  5.68418E-01
  2.4800000000E-01  2.7400000000E-01  7.49150E-05  4.92427E-01
  2.7400000000E-01  3.0000000000E-01  7.46737E-05  4.67181E-01
  3.0000000000E-01  3.2600000000E-01  7.48691E-05  4.87190E-01
  3.2600000000E-01  3.5200000000E-01  7.52959E-05  4.57517E-01
  3.5200000000E-01  3.7800000000E-01  7.47812E-05  4.37584E-01
  3.7800000000E-01  4.0400000000E-01  7.52654E-05  4.32154E-01
  4.0400000000E-01  4.3000000000E-01  7.53636E-05  4.46902E-01
  4.3000000000E-01  4.5600000000E-01  7.59081E-05  4.42569E-01
  4.5600000000E-01  4.8200000000E-01  7.61670E-05  5.00530E-01
  4.8200000000E-01  5.0800000000E-01  7.66200E-05  5.43746E-01
  5.0800000000E-01  5.3400000000E-01  7.56125E-05  4.30148E-01
  5.3400000000E-01  5.6000000000E-01  7.53331E-05  4.00247E-01
  5.6000000000E-01  5.8600000000E-01  7.67500E-05  5.19078E-01
  5.8600000000E-01  6.1200000000E-01  7.68962E-05  5.16600E-01
  6.1200000000E-01  6.3800000000E-01  7.65711E-05  4.85344E-01
  6.3800000000E-01  6.6400000000E-01  7.61574E-05  4.55410E-01
  6.6400000000E-01  6.9000000000E-01  7.62964E-05  4.76583E-01
  6.9000000000E-01  7.1600000000E-01  7.66376E-05  4.77302E-01
  7.1600000000E-01  7.4200000000E-01  7.62489E-05  4.51686E-01
  7.4200000000E-01  7.6800000000E-01  7.66702E-05  4.57010E-01
  7.6800000000E-01  7.9400000000E-01  7.70709E-05  4.77309E-01
  7.9400000000E-01  8.2000000000E-01  7.65749E-05  4.30604E-01
  8.2000000000E-01  8.4600000000E-01  7.73208E-05  5.02465E-01
  8.4600000000E-01  8.7200000000E-01  7.77651E-05  4.85960E-01
  8.7200000000E-01  8.9800000000E-01  7.81725E-05  5.36347E-01
  8.9800000000E-01  9.2400000000E-01  7.80619E-05  5.32640E-01
  9.2400000000E-01  9.5000000000E-01  7.81767E-05  5.40753E-01
  9.5000000000E-01  9.7600000000E-01  7.82578E-05  5.44458E-01
  9.7600000000E-01  1.0020000000E+00  7.75459E-05  4.74120E-01
  1.0020000000E+00  1.0280000000E+00  7.75298E-05  4.84877E-01
  1.0280000000E+00  1.0540000000E+00  7.76649E-05  4.46733E-01
  1.0540000000E+00  1.0800000000E+00  7.77324E-05  4.52644E-01
  1.0800000000E+00  1.1060000000E+00  7.76776E-05  4.55548E-01
  1.1060000000E+00  1.1320000000E+00  7.81437E-05  4.71380E-01
  1.1320000000E+00  1.1580000000E+00  7.86604E-05  4.77593E-01
  1.1580000000E+00  1.1840000000E+00  7.85568E-05  5.50044E-01
  1.1840000000E+00  1.2100000000E+00  7.86595E-05  4.74754E-01
  1.2100000000E+00  1.2360000000E+00  7.82962E-05  4.87276E-01
  1.2360000000E+00  1.2620000000E+00  7.84369E-05  4.68213E-01
  1.2620000000E+00  1.2880000000E+00  7.88621E-05  5.08025E-01
  1.2880000000E+00  1.3140000000E+00  7.83152E-05  4.42082E-01
  1.3140000000E+00  1.3400000000E+00  7.76374E-05  4.06940E-01
  1.3400000000E+00  1.3660000000E+00  7.87749E-05  5.10531E-01
  1.3660000000E+00  1.3920000000E+00  7.81837E-05  4.37497E-01
  1.3920000000E+00  1.4180000000E+00  7.84590E-05  4.40452E-01
  1.4180000000E+00  1.4440000000E+00  7.95690E-05  5.13915E-01
  1.4440000000E+00  1.4700000000E+00  7.92709E-05  4.86717E-01
  1.4700000000E+00  1.4960000000E+00  7.89173E-05  4.50424E-01
  1.4960000000E+00  1.5220000000E+00  7.91017E-05  4.55671E-01
  1.5220000000E+00  1.5480000000E+00  7.93865E-05  4.47323E-01
  1.5480000000E+00  1.5740000000E+00  7.88300E-05  4.36970E-01
  1.5740000000E+00  1.6000000000E+00  7.92224E-05  4.31472E-01
  1.6000000000E+00  1.6260000000E+00  7.98631E-05  5.13860E-01
  1.6260000000E+00  1.6520000000E+00  8.01327E-05  5.37893E-01
  1.6520000000E+00  1.6780000000E+00  7.95199E-05  4.50998E-01
  1.6780000000E+00  1.7040000000E+00  8.00910E-05  4.79267E-01
  1.7040000000E+00  1.7300000000E+00  8.02153E-05  4.68739E-01
  1.7300000000E+00  1.7560000000E+00  8.07653E-05  4.64545E-01
  1.7560000000E+00  1.7820000000E+00  8.08192E-05  4.71190E-01
  1.7820000000E+00  1.8080000000E+00  8.04748E-05  4.60823E-01
  1.8080000000E+00  1.8340000000E+00  7.94123E-05  3.97482E-01
  1.8340000000E+00  1.8600000000E+00  8.03758E-05  4.63336E-01
  1.8600000000E+00  1.8860000000E+00  8.05769E-05  4.73685E-01
  1.8860000000E+00  1.9120000000E+00  7.97506E-05  3.98836E-01
  1.9120000000E+00  1.9380000000E+00  8.07330E-05  4.54859E-01
  1.9380000000E+00  1.9640000000E+00  8.06358E-05  4.88110E-01
  1.9640000000E+00  1.9900000000E+00  8.09824E-05  4.79651E-01
  1.9900000000E+00  2.0160000000E+00  8.08129E-05  4.50827E-01
  2.0160000000E+00  2.0420000000E+00  8.13225E-05  5.25636E-01
  2.0420000000E+00  2.0680000000E+00  8.09166E-05  4.96382E-01
  2.0680000000E+00  2.0940000000E+00  8.05869E-05  4.45998E-01
  2.0940000000E+00  2.1200000000E+00  8.06315E-05  4.66196E-01
  2.1200000000E+00  2.1460000000E+00  8.05673E-05  4.41003E-01
  2.1460000000E+00  2.1720000000E+00  8.02248E-05  4.50155E-01
  2.1720000000E+00  2.1980000000E+00  8.07715E-05  4.54111E-01
  2.1980000000E+00  2.2240000000E+00  8.10022E-05  4.79637E-01
  2.2240000000E+00  2.2500000000E+00  8.04222E-05  4.39780E-01
  2.2500000000E+00  2.2760000000E+00  8.03449E-05  3.98691E-01
  2.2760000000E+00  2.3020000000E+00  8.16896E-05  5.32187E-01
  2.3020000000E+00  2.3280000000E+00  8.15637E-05  5.03429E-01
  2.3280000000E+00  2.3540000000E+00  8.13902E-05  4.56131E-01
  2.3540000000E+00  2.3800000000E+00  8.17620E-05  4.98993E-01
  2.3800000000E+00  2.4060000000E+00  8.26745E-05  5.41458E-01
  2.4060000000E+00  2.4320000000E+00  8.19078E-05  4.81446E-01
  2.4320000000E+00  2.4580000000E+00  8.14428E-05  4.83421E-01
  2.4580000000E+00  2.4840000000E+00  8.17608E-05  4.89720E-01
  2.4840000000E+00  2.5100000000E+00  8.19148E-05  4.55209E-01
  2.5100000000E+00  2.5360000000E+00  8.15326E-05  4.58270E-01
  2.5360000000E+00  2.5620000000E+00  8.11331E-05  4.22494E-01
  2.5620000000E+00  2.5880000000E+00  8.11455E-05  4.26763E-01
  2.5880000000E+00  2.6140000000E+00  8.17009E-05  4.67458E-01
  2.6140000000E+00  2.6400000000E+00  8.24360E-05  4.65102E-01
  2.6400000000E+00  2.6660000000E+00  8.20575E-05  4.75770E-01
  2.6660000000E+00  2.6920000000E+00  8.22892E-05  4.43391E-01
  2.6920000000E+00  2.7180000000E+00  8.18494E-05  4.59872E-01
  2.7180000000E+00  2.7440000000E+00  8.22097E-05  4.53978E-01
  2.7440000000E+00  2.7700000000E+00  8.24033E-05  5.29715E-01
  2.7700000000E+00  2.7960000000E+00  8.24666E-05  4.54369E-01
  2.7960000000E+00  2.8220000000E+00  8.28247E-05  4.71289E-01
  2.8220000000E+00  2.8480000000E+00  8.29965E-05  4.86550E-01
  2.8480000000E+00  2.8740000000E+00  8.23917E-05  4.21086E-01
  2.8740000000E+00  2.9000000000E+00  8.24596E-05  4.41153E-01
  2.9000000000E+00  2.9260000000E+00  8.25700E-05  4.95757E-01
  2.9260000000E+00  2.9520000000E+00  8.29116E-05  4.57756E-01
  2.9520000000E+00  2.9780000000E+00  8.30479E-05  4.47906E-01
  2.9780000000E+00  3.0040000000E+00  8.37274E-05  4.86187E-01
  3.0040000000E+00  3.0300000000E+00  8.31124E-05  4.71879E-01
  3.0300000000E+00  3.0560000000E+00  8.31622E-05  4.71155E-01
  3.0560000000E+00  3.0820000000E+00  8.33495E-05  4.49946E-01
  3.0820000000E+00  3.1080000000E+00  8.22117E-05  4.01361E-01
  3.1080000000E+00  3.1340000000E+00  8.24266E-05  4.36762E-01
  3.1340000000E+00  3.1600000000E+00  8.29394E-05  4.39428E-01
  3.1600000000E+00  3.1860000000E+00  8.37687E-05  5.13786E-01
  3.1860000000E+00  3.2120000000E+00  8.29516E-05  4.74897E-01
  3.2120000000E+00  3.2380000000E+00  8.30613E-05  4.70140E-01
  3.2380000000E+00  3.2640000000E+00  8.32030E-05  4.53309E-01
  3.2640000000E+00  3.2900000000E+00  8.37228E-05  5.06548E-01
  3.2900000000E+00  3.3160000000E+00  8.34937E-05  4.36369E-01
  3.3160000000E+00  3.3420000000E+00  8.31576E-05  4.66303E-01
  3.3420000000E+00  3.3680000000E+00  8.34937E-05  4.37806E-01
  3.3680000000E+00  3.3940000000E+00  8.38348E-05  4.61703E-01
  3.3940000000E+00  3.4200000000E+00  8.26138E-05  4.28542E-01
  3.4200000000E+00  3.4460000000E+00  8.36910E-05  4.77533E-01
  3.4460000000E+00  3.4720000000E+00  8.34103E-05  4.98383E-01
  3.4720000000E+00  3.4980000000E+00  8.36346E-05  4.85165E-01
  3.4980000000E+00  3.5240000000E+00  8.34485E-05  4.30142E-01
  3.5240000000E+00  3.5500000000E+00  8.40933E-05  4.85901E-01
  3.5500000000E+00  3.5760000000E+00  8.37381E-05  4.57363E-01
  3.5760000000E+00  3.6020000000E+00  8.41013E-05  5.00531E-01
  3.6020000000E+00  3.6280000000E+00  8.33154E-05  4.30148E-01
  3.6280000000E+00  3.6540000000E+00  8.38721E-05  4.67977E-01
  3.6540000000E+00  3.6800000000E+00  8.33792E-05  4.21876E-01
  3.6800000000E+00  3.7060000000E+00  8.41063E-05  4.83637E-01
  3.7060000000E+00  3.7320000000E+00  8.34046E-05  4.18174E-01
  3.7320000000E+00  3.7580000000E+00  8.40879E-05  4.26291E-01
  3.7580000000E+00  3.7840000000E+00  8.47025E-05  4.94379E-01
  3.7840000000E+00  3.8100000000E+00  8.39830E-05  4.57909E-01
  3.8100000000E+00  3.8360000000E+00  8.40155E-05  4.46835E-01
  3.8360000000E+00  3.8620000000E+00  8.45818E-05  4.70318E-01
  3.8620000000E+00  3.8880000000E+00  8.48661E-05  4.54917E-01
  3.8880000000E+00  3.9140000000E+00  8.46535E-05  4.50591E-01
  3.9140000000E+00  3.9400000000E+00  8.47923E-05  5.00570E-01
  3.9400000000E+00  3.9660000000E+00  8.54732E-05  6.69760E-01
  3.9660000000E+00  3.9920000000E+00  8.53305E-05  5.12901E-01
  3.9920000000E+00  4.0180000000E+00  8.43816E-05  4.44890E-01
  4.0180000000E+00  4.0440000000E+00  8.43701E-05  4.26356E-01
  4.0440000000E+00  4.0700000000E+00  8.48562E-05  4.57265E-01
  4.0700000000E+00  4.0960000000E+00  8.47612E-05  4.40726E-01
  4.0960000000E+00  4.1220000000E+00  8.51015E-05  5.16069E-01
  4.1220000000E+00  4.1480000000E+00  8.50830E-05  4.54971E-01
  4.1480000000E+00  4.1740000000E+00  8.57480E-05  4.59429E-01
  4.1740000000E+00  4.2000000000E+00  8.52069E-05  4.33196E-01
  4.2000000000E+00  4.2260000000E+00  8.47238E-05  4.25466E-01
  4.2260000000E+00  4.2520000000E+00  8.58536E-05  4.80085E-01
  4.2520000000E+00  4.2780000000E+00  8.57148E-05  4.69326E-01
  4.2780000000E+00  4.3040000000E+00  8.52610E-05  4.28057E-01
  4.3040000000E+00  4.3300000000E+00  8.57472E-05  4.86520E-01
  4.3300000000E+00  4.3560000000E+00  8.61711E-05  4.60500E-01
  4.3560000000E+00  4.3820000000E+00  8.62046E-05  4.76841E-01
  4.3820000000E+00  4.4080000000E+00  8.74951E-05  5.19788E-01
  4.4080000000E+00  4.4340000000E+00  8.72531E-05  5.22067E-01
  4.4340000000E+00  4.4600000000E+00  8.60823E-05  4.66943E-01
  4.4600000000E+00  4.4860000000E+00  8.62915E-05  4.97977E-01
  4.4860000000E+00  4.5120000000E+00  8.58224E-05  4.46560E-01
  4.5120000000E+00  4.5380000000E+00  8.62031E-05  4.39356E-01
  4.5380000000E+00  4.5640000000E+00  8.62150E-05  4.50968E-01
  4.5640000000E+00  4.5900000000E+00  8.62701E-05  4.47029E-01
  4.5900000000E+00  4.6160000000E+00  8.67456E-05  4.91402E-01
  4.6160000000E+00  4.6420000000E+00  8.63988E-05  4.48091E-01
  4.6420000000E+00  4.6680000000E+00  8.71716E-05  4.92086E-01
  4.6680000000E+00  4.6940000000E+00  8.68533E-05  4.98314E-01
  4.6940000000E+00  4.7200000000E+00  8.63221E-05  4.31918E-01
  4.7200000000E+00  4.7460000000E+00  8.65514E-05  4.45904E-01
  4.7460000000E+00  4.7720000000E+00  8.63472E-05  4.24830E-01
  4.7720000000E+00  4.7980000000E+00  8.67270E-05  4.44790E-01
  4.7980000000E+00  4.8240000000E+00  8.62918E-05  4.15141E-01
  4.8240000000E+00  4.8500000000E+00  8.71516E-05  4.71896E-01
  4.8500000000E+00  4.8760000000E+00  8.59544E-05  3.94635E-01
  4.8760000000E+00  4.9020000000E+00  8.70762E-05  4.44720E-01
  4.9020000000E+00  4.9280000000E+00  8.67158E-05  4.38210E-01
  4.9280000000E+00  4.9540000000E+00  8.75358E-05  5.07826E-01
  4.9540000000E+00  4.9800000000E+00  8.64773E-05  4.09230E-01
  4.9800000000E+00  5.0060000000E+00  8.69734E-05  4.18953E-01
  5.0060000000E+00  5.0320000000E+00  8.71473E-05  4.92214E-01
  5.0320000000E+00  5.0580000000E+00  8.66845E-05  4.08584E-01
  5.0580000000E+00  5.0840000000E+00  8.70514E-05  4.95105E-01
  5.0840000000E+00  5.1100000000E+00  8.78294E-05  4.72633E-01
  5.1100000000E+00  5.1360000000E+00  8.75367E-05  4.63485E-01
  5.1360000000E+00  5.1620000000E+00  8.82763E-05  5.37885E-01
  5.1620000000E+00  5.1880000000E+00  8.82323E-05  4.82717E-01
  5.1880000000E+00  5.2140000000E+00  8.73942E-05  4.50790E-01
  5.2140000000E+00  5.2400000000E+00  8.72466E-05  4.19884E-01
  5.2400000000E+00  5.2660000000E+00  8.76984E-05  4.14965E-01
  5.2660000000E+00  5.2920000000E+00  8.73645E-05  4.73183E-01
  5.2920000000E+00  5.3180000000E+00  8.85341E-05  4.87300E-01
  5.3180000000E+00  5.3440000000E+00  8.79153E-05  4.20373E-01
  5.3440000000E+00  5.3700000000E+00  8.81359E-05  4.53357E-01
  5.3700000000E+00  5.3960000000E+00  8.85052E-05  4.74581E-01
  5.3960000000E+00  5.4220000000E+00  8.78534E-05  4.55463E-01
  5.4220000000E+00  5.4480000000E+00  8.78663E-05  4.30054E-01
  5.4480000000E+00  5.4740000000E+00  8.90409E-05  5.10603E-01
  5.4740000000E+00  5.5000000000E+00  8.87541E-05  4.78597E-01
  5.5000000000E+00  5.5260000000E+00  8.84563E-05  4.87382E-01
  5.5260000000E+00  5.5520000000E+00  8.81550E-05  4.58809E-01
  5.5520000000E+00  5.5780000000E+00  8.76426E-05  4.56615E-01
  5.5780000000E+00  5.6040000000E+00  8.87251E-05  5.12110E-01
  5.6040000000E+00  5.6300000000E+00  8.84931E-05  4.41606E-01
  5.6300000000E+00  5.6560000000E+00  8.89282E-05  4.65307E-01
  5.6560000000E+00  5.6820000000E+00  8.82084E-05  4.39120E-01
  5.6820000000E+00  5.7080000000E+00  8.88320E-05  5.11129E-01
  5.7080000000E+00  5.7340000000E+00  8.83104E-05  5.39698E-01
  5.7340000000E+00  5.7600000000E+00  8.84708E-05  4.48034E-01
  5.7600000000E+00  5.7860000000E+00  8.82129E-05  4.18532E-01
  5.7860000000E+00  5.8120000000E+00  8.85624E-05  4.29989E-01
  5.8120000000E+00  5.8380000000E+00  8.88258E-05  4.50391E-01
  5.8380000000E+00  5.8640000000E+00  8.92896E-05  4.78887E-01
  5.8640000000E+00  5.8900000000E+00  8.89846E-05  4.26691E-01
  5.8900000000E+00  5.9160000000E+00  9.06909E-05  5.14999E-01
  5.9160000000E+00  5.9420000000E+00  8.87878E-05  4.33729E-01
  5.9420000000E+00  5.9680000000E+00  8.94693E-05  4.73023E-01
  5.9680000000E+00  5.9940000000E+00  8.94770E-05  5.21069E-01
  5.9940000000E+00  6.0200000000E+00  8.92524E-05  4.33245E-01
  6.0200000000E+00  6.0460000000E+00  8.94021E-05  4.64932E-01
  6.0460000000E+00  6.0720000000E+00  8.84107E-05  4.19286E-01
  6.0720000000E+00  6.0980000000E+00  8.93758E-05  4.82076E-01
  6.0980000000E+00  6.1240000000E+00  8.94036E-05  4.65008E-01
  6.1240000000E+00  6.1500000000E+00  8.89801E-05  4.56826E-01
  6.1500000000E+00  6.1760000000E+00  8.91399E-05  4.73763E-01
  6.1760000000E+00  6.2020000000E+00  8.89906E-05  5.39005E-01
  6.2020000000E+00  6.2280000000E+00  8.90528E-05  4.04595E-01
  6.2280000000E+00  6.2540000000E+00  9.01580E-05  4.88287E-01
  6.2540000000E+00  6.2800000000E+00  8.97854E-05  4.42446E-01
  6.2800000000E+00  6.3060000000E+00  8.93255E-05  4.20153E-01
  6.3060000000E+00  6.3320000000E+00  9.03631E-05  4.91645E-01
  6.3320000000E+00  6.3580000000E+00  9.05604E-05  5.83329E-01
  6.3580000000E+00  6.3840000000E+00  8.95816E-05  4.60698E-01
  6.3840000000E+00  6.4100000000E+00  8.97170E-05  4.27020E-01
  6.4100000000E+00  6.4360000000E+00  9.00209E-05  4.46533E-01
  6.4360000000E+00  6.4620000000E+00  8.98787E-05  4.17081E-01
  6.4620000000E+00  6.4880000000E+00  9.01707E-05  4.74140E-01
  6.4880000000E+00  6.5140000000E+00  8.99399E-05  4.45677E-01
  6.5140000000E+00  6.5400000000E+00  8.97472E-05  4.17418E-01
  6.5400000000E+00  6.5660000000E+00  8.98520E-05  4.13335E-01
  6.5660000000E+00  6.5920000000E+00  9.05638E-05  5.21998E-01
  6.5920000000E+00  6.6180000000E+00  9.05919E-05  4.30628E-01
  6.6180000000E+00  6.6440000000E+00  9.05400E-05  4.60126E-01
  6.6440000000E+00  6.6700000000E+00  9.06936E-05  4.62486E-01
  6.6700000000E+00  6.6960000000E+00  9.10039E-05  4.66681E-01
  6.6960000000E+00  6.7220000000E+00  9.10211E-05  4.86534E-01
  6.7220000000E+00  6.7480000000E+00  9.05378E-05  4.58536E-01
  6.7480000000E+00  6.7740000000E+00  9.11381E-05  4.68081E-01
  6.7740000000E+00  6.8000000000E+00  9.09966E-05  4.30601E-01
  6.8000000000E+00  6.8260000000E+00  9.03972E-05  4.09853E-01
  6.8260000000E+00  6.8520000000E+00  9.08768E-05  4.29283E-01
  6.8520000000E+00  6.8780000000E+00  9.00910E-05  4.03478E-01
  6.8780000000E+00  6.9040000000E+00  9.15401E-05  4.71915E-01
  6.9040000000E+00  6.9300000000E+00  9.17831E-05  5.26277E-01
  6.9300000000E+00  6.9560000000E+00  9.13004E-05  4.67325E-01
  6.9560000000E+00  6.9820000000E+00  9.08053E-05  4.52156E-01
  6.9820000000E+00  7.0080000000E+00  9.07830E-05  4.19859E-01
  7.0080000000E+00  7.0340000000E+00  9.12789E-05  4.34004E-01
  7.0340000000E+00  7.0600000000E+00  9.12016E-05  4.42522E-01
  7.0600000000E+00  7.0860000000E+00  9.20580E-05  4.81786E-01
  7.0860000000E+00  7.1120000000E+00  9.20524E-05  4.75957E-01
  7.1120000000E+00  7.1380000000E+00  9.12443E-05  4.20269E-01
  7.1380000000E+00  7.1640000000E+00  9.18256E-05  4.63854E-01
  7.1640000000E+00  7.1900000000E+00  9.09169E-05  4.09938E-01
  7.1900000000E+00  7.2160000000E+00  9.21809E-05  4.34203E-01
  7.2160000000E+00  7.2420000000E+00  9.16972E-05  4.32982E-01
  7.2420000000E+00  7.2680000000E+00  9.16014E-05  4.57439E-01
  7.2680000000E+00  7.2940000000E+00  9.16291E-05  4.31118E-01
  7.2940000000E+00  7.3200000000E+00  9.19751E-05  4.56937E-01
  7.3200000000E+00  7.3460000000E+00  9.23712E-05  4.92847E-01
  7.3460000000E+00  7.3720000000E+00  9.13582E-05  4.36219E-01
  7.3720000000E+00  7.3980000000E+00  9.21692E-05  5.05193E-01
  7.3980000000E+00  7.4240000000E+00  9.13701E-05  4.01000E-01
  7.4240000000E+00  7.4500000000E+00  9.23890E-05  4.58050E-01
  7.4500000000E+00  7.4760000000E+00  9.24721E-05  4.40743E-01
  7.4760000000E+00  7.5020000000E+00  9.20386E-05  4.52269E-01
  7.5020000000E+00  7.5280000000E+00  9.27118E-05  4.53426E-01
  7.5280000000E+00  7.5540000000E+00  9.21295E-05  4.27824E-01
  7.5540000000E+00  7.5800000000E+00  9.18824E-05  4.23844E-01
  7.5800000000E+00  7.6060000000E+00  9.27397E-05  4.70192E-01
  7.6060000000E+00  7.6320000000E+00  9.20849E-05  4.61351E-01
  7.6320000000E+00  7.6580000000E+00  9.24865E-05  4.98238E-01
  7.6580000000E+00  7.6840000000E+00  9.21933E-05  4.36682E-01
  7.6840000000E+00  7.7100000000E+00  9.29719E-05  4.54906E-01
  7.7100000000E+00  7.7360000000E+00  9.31990E-05  4.49239E-01
  7.7360000000E+00  7.7620000000E+00  9.24865E-05  4.69507E-01
  7.7620000000E+00  7.7880000000E+00  9.30652E-05  4.58780E-01
  7.7880000000E+00  7.8140000000E+00  9.28745E-05  4.41893E-01
  7.8140000000E+00  7.8400000000E+00  9.34728E-05  4.38096E-01
  7.8400000000E+00  7.8660000000E+00  9.33522E-05  4.74776E-01
  7.8660000000E+00  7.8920000000E+00  9.26030E-05  4.30455E-01
  7.8920000000E+00  7.9180000000E+00  9.38348E-05  4.93540E-01
  7.9180000000E+00  7.9440000000E+00  9.26827E-05  4.32980E-01
  7.9440000000E+00  7.9700000000E+00  9.26570E-05  4.42377E-01
  7.9700000000E+00  7.9960000000E+00  9.26593E-05  4.47492E-01
  7.9960000000E+00  8.0220000000E+00  9.31881E-05  4.56629E-01
  8.0220000000E+00  8.0480000000E+00  9.23924E-05  4.09810E-01
  8.0480000000E+00  8.0740000000E+00  9.31027E-05  4.50918E-01
  8.0740000000E+00  8.1000000000E+00  9.33373E-05  4.45372E-01
  8.1000000000E+00  8.1260000000E+00  9.34944E-05  4.55208E-01
  8.1260000000E+00  8.1520000000E+00  9.33173E-05  4.79189E-01
  8.1520000000E+00  8.1780000000E+00  9.37954E-05  4.47350E-01
  8.1780000000E+00  8.2040000000E+00  9.37727E-05  4.43311E-01
  8.2040000000E+00  8.2300000000E+00  9.38515E-05  4.30945E-01
  8.2300000000E+00  8.2560000000E+00  9.45246E-05  5.09788E-01
  8.2560000000E+00  8.2820000000E+00  9.42838E-05  4.66682E-01
  8.2820000000E+00  8.3080000000E+00  9.40865E-05  4.48426E-01
  8.3080000000E+00  8.3340000000E+00  9.38437E-05  4.14031E-01
  8.3340000000E+00  8.3600000000E+00  9.39997E-05  4.51531E-01
  8.3600000000E+00  8.3860000000E+00  9.43539E-05  4.61970E-01
  8.3860000000E+00  8.4120000000E+00  9.46773E-05  4.48385E-01
  8.4120000000E+00  8.4380000000E+00  9.39717E-05  4.40042E-01
  8.4380000000E+00  8.4640000000E+00  9.45768E-05  4.50325E-01
  8.4640000000E+00  8.4900000000E+00  9.47622E-05  4.83816E-01
  8.4900000000E+00  8.5160000000E+00  9.41252E-05  4.31303E-01
  8.5160000000E+00  8.5420000000E+00  9.51885E-05  4.75519E-01
  8.5420000000E+00  8.5680000000E+00  9.47668E-05  4.67782E-01
  8.5680000000E+00  8.5940000000E+00  9.49066E-05  4.47555E-01
  8.5940000000E+00  8.6200000000E+00  9.57558E-05  4.20588E-01
  8.6200000000E+00  8.6460000000E+00  9.48386E-05  3.87328E-01
  8.6460000000E+00  8.6720000000E+00  9.54872E-05  4.47875E-01
  8.6720000000E+00  8.6980000000E+00  9.58221E-05  5.16566E-01
  8.6980000000E+00  8.7240000000E+00  9.57806E-05  4.67464E-01
  8.7240000000E+00  8.7500000000E+00  9.53108E-05  4.30330E-01
  8.7500000000E+00  8.7760000000E+00  9.58364E-05  4.67955E-01
  8.7760000000E+00  8.8020000000E+00  9.53329E-05  4.15533E-01
  8.8020000000E+00  8.8280000000E+00  9.54310E-05  4.44805E-01
  8.8280000000E+00  8.8540000000E+00  9.61895E-05  4.83222E-01
  8.8540000000E+00  8.8800000000E+00  9.61024E-05  4.54370E-01
  8.8800000000E+00  8.9060000000E+00  9.51870E-05  3.98035E-01
  8.9060000000E+00  8.9320000000E+00  9.51522E-05  4.13758E-01
  8.9320000000E+00  8.9580000000E+00  9.55831E-05  4.40196E-01
  8.9580000000E+00  8.9840000000E+00  9.63571E-05  4.48216E-01
  8.9840000000E+00  9.0100000000E+00  9.59403E-05  4.30764E-01
  9.0100000000E+00  9.0360000000E+00  9.61186E-05  4.20779E-01
  9.0360000000E+00  9.0620000000E+00  9.65807E-05  4.50299E-01
  9.0620000000E+00  9.0880000000E+00  9.59276E-05  4.21445E-01
  9.0880000000E+00  9.1140000000E+00  9.64462E-05  4.54465E-01
  9.1140000000E+00  9.1400000000E+00  9.65514E-05  4.51963E-01
  9.1400000000E+00  9.1660000000E+00  9.57450E-05  4.01301E-01
  9.1660000000E+00  9.1920000000E+00  9.58483E-05  4.42632E-01
  9.1920000000E+00  9.2180000000E+00  9.58942E-05  4.51717E-01
  9.2180000000E+00  9.2440000000E+00  9.70128E-05  5.19481E-01
  9.2440000000E+00  9.2700000000E+00  9.67410E-05  4.57146E-01
  9.2700000000E+00  9.2960000000E+00  9.64471E-05  4.47656E-01
  9.2960000000E+00  9.3220000000E+00  9.65257E-05  4.50490E-01
  9.3220000000E+00  9.3480000000E+00  9.59756E-05  4.38052E-01
  9.3480000000E+00  9.3740000000E+00  9.62807E-05  4.61437E-01
  9.3740000000E+00  9.4000000000E+00  9.65782E-05  4.41303E-01
  9.4000000000E+00  9.4260000000E+00  9.67796E-05  4.53931E-01
  9.4260000000E+00  9.4520000000E+00  9.67916E-05  4.40482E-01
  9.4520000000E+00  9.4780000000E+00  9.79421E-05  5.62320E-01
  9.4780000000E+00  9.5040000000E+00  9.64071E-05  4.12806E-01
  9.5040000000E+00  9.5300000000E+00  9.64985E-05  4.11985E-01
  9.5300000000E+00  9.5560000000E+00  9.63436E-05  4.16787E-01
  9.5560000000E+00  9.5820000000E+00  9.62452E-05  4.00781E-01
  9.5820000000E+00  9.6080000000E+00  9.66570E-05  4.02609E-01
  9.6080000000E+00  9.6340000000E+00  9.68587E-05  4.16836E-01
  9.6340000000E+00  9.6600000000E+00  9.75293E-05  4.52383E-01
  9.6600000000E+00  9.6860000000E+00  9.73747E-05  4.59160E-01
  9.6860000000E+00  9.7120000000E+00  9.79487E-05  4.63570E-01
  9.7120000000E+00  9.7380000000E+00  9.76925E-05  4.38775E-01
  9.7380000000E+00  9.7640000000E+00  9.75030E-05  4.23556E-01
  9.7640000000E+00  9.7900000000E+00  9.77338E-05  4.32719E-01
  9.7900000000E+00  9.8160000000E+00  9.85932E-05  4.41047E-01
  9.8160000000E+00  9.8420000000E+00  9.82351E-05  4.66757E-01
  9.8420000000E+00  9.8680000000E+00  9.77572E-05  4.15611E-01
  9.8680000000E+00  9.8940000000E+00  9.78558E-05  4.30624E-01
  9.8940000000E+00  9.9200000000E+00  9.79945E-05  3.93801E-01
  9.9200000000E+00  9.9460000000E+00  9.80417E-05  4.23244E-01
  9.9460000000E+00  9.9720000000E+00  9.73839E-05  4.08891E-01
  9.9720000000E+00  9.9980000000E+00  9.81874E-05  4.53564E-01
  9.9980000000E+00  1.0024000000E+01  9.78454E-05  4.18730E-01
  1.0024000000E+01  1.0050000000E+01  9.96332E-05  4.72416E-01
  1.0050000000E+01  1.0076000000E+01  9.89678E-05  4.49901E-01
  1.0076000000E+01  1.0102000000E+01  9.90362E-05  4.32025E-01
  1.0102000000E+01  1.0128000000E+01  9.95253E-05  4.33700E-01
  1.0128000000E+01  1.0154000000E+01  9.93980E-05  4.20512E-01
  1.0154000000E+01  1.0180000000E+01  9.93510E-05  4.26539E-01
  1.0180000000E+01  1.0206000000E+01  9.96510E-05  4.08256E-01
  1.0206000000E+01  1.0232000000E+01  9.92563E-05  4.15147E-01
  1.0232000000E+01  1.0258000000E+01  9.92543E-05  4.60437E-01
  1.0258000000E+01  1.0284000000E+01  9.87189E-05  4.28767E-01
  1.0284000000E+01  1.0310000000E+01  9.93942E-05  4.24694E-01
  1.0310000000E+01  1.0336000000E+01  9.98162E-05  4.30363E-01
  1.0336000000E+01  1.0362000000E+01  9.98662E-05  4.31080E-01
  1.0362000000E+01  1.0388000000E+01  9.93153E-05  4.41596E-01
  1.0388000000E+01  1.0414000000E+01  9.95350E-05  4.11220E-01
  1.0414000000E+01  1.0440000000E+01  9.99722E-05  4.21495E-01
  1.0440000000E+01  1.0466000000E+01  1.00550E-04  4.25690E-01
  1.0466000000E+01  1.0492000000E+01  1.00491E-04  4.21522E-01
  1.0492000000E+01  1.0518000000E+01  1.00773E-04  4.37011E-01
  1.0518000000E+01  1.0544000000E+01  1.00614E-04  4.34950E-01
  1.0544000000E+01  1.0570000000E+01  1.00556E-04  4.25952E-01
  1.0570000000E+01  1.0596000000E+01  1.00949E-04  4.33261E-01
  1.0596000000E+01  1.0622000000E+01  1.00306E-04  3.94545E-01
  1.0622000000E+01  1.0648000000E+01  1.01399E-04  4.37726E-01
  1.0648000000E+01  1.0674000000E+01  1.01739E-04  4.72748E-01
  1.0674000000E+01  1.0700000000E+01  1.00932E-04  4.38650E-01
  1.0700000000E+01  1.0726000000E+01  1.00900E-04  4.14970E-01
  1.0726000000E+01  1.0752000000E+01  1.01496E-04  4.95342E-01
  1.0752000000E+01  1.0778000000E+01  1.01708E-04  4.53409E-01
  1.0778000000E+01  1.0804000000E+01  1.01831E-04  4.53468E-01
  1.0804000000E+01  1.0830000000E+01  1.01381E-04  4.19760E-01
  1.0830000000E+01  1.0856000000E+01  1.01515E-04  4.49522E-01
  1.0856000000E+01  1.0882000000E+01  1.01334E-04  3.99633E-01
  1.0882000000E+01  1.0908000000E+01  1.02588E-04  4.57206E-01
  1.0908000000E+01  1.0934000000E+01  1.02469E-04  4.24751E-01
  1.0934000000E+01  1.0960000000E+01  1.01996E-04  4.27620E-01
  1.0960000000E+01  1.0986000000E+01  1.02352E-04  4.71016E-01
  1.0986000000E+01  1.1012000000E+01  1.02766E-04  4.55830E-01
  1.1012000000E+01  1.1038000000E+01  1.02362E-04  4.35893E-01
  1.1038000000E+01  1.1064000000E+01  1.02675E-04  4.31436E-01
  1.1064000000E+01  1.1090000000E+01  1.02816E-04  4.45070E-01
  1.1090000000E+01  1.1116000000E+01  1.03300E-04  4.13146E-01
  1.1116000000E+01  1.1142000000E+01  1.03311E-04  4.31905E-01
  1.1142000000E+01  1.1168000000E+01  1.02496E-04  4.01679E-01
  1.1168000000E+01  1.1194000000E+01  1.02524E-04  4.33598E-01
  1.1194000000E+01  1.1220000000E+01  1.03060E-04  4.47880E-01
  1.1220000000E+01  1.1246000000E+01  1.02914E-04  4.10715E-01
  1.1246000000E+01  1.1272000000E+01  1.02874E-04  4.21648E-01
  1.1272000000E+01  1.1298000000E+01  1.03118E-04  4.23248E-01
  1.1298000000E+01  1.1324000000E+01  1.03179E-04  4.06194E-01
  1.1324000000E+01  1.1350000000E+01  1.03669E-04  4.54136E-01
  1.1350000000E+01  1.1376000000E+01  1.03795E-04  4.32678E-01
  1.1376000000E+01  1.1402000000E+01  1.03877E-04  4.41886E-01
  1.1402000000E+01  1.1428000000E+01  1.04349E-04  5.05098E-01
  1.1428000000E+01  1.1454000000E+01  1.04110E-04  4.21670E-01
  1.1454000000E+01  1.1480000000E+01  1.05314E-04  4.83787E-01
  1.1480000000E+01  1.1506000000E+01  1.04912E-04  4.28335E-01
  1.1506000000E+01  1.1532000000E+01  1.04489E-04  4.11986E-01
  1.1532000000E+01  1.1558000000E+01  1.04905E-04  4.39717E-01
  1.1558000000E+01  1.1584000000E+01  1.04610E-04  4.36144E-01
  1.1584000000E+01  1.1610000000E+01  1.04779E-04  4.09548E-01
  1.1610000000E+01  1.1636000000E+01  1.05784E-04  4.41267E-01
  1.1636000000E+01  1.1662000000E+01  1.05695E-04  4.24457E-01
  1.1662000000E+01  1.1688000000E+01  1.05722E-04  4.43798E-01
  1.1688000000E+01  1.1714000000E+01  1.06780E-04  4.64575E-01
  1.1714000000E+01  1.1740000000E+01  1.06736E-04  4.58140E-01
  1.1740000000E+01  1.1766000000E+01  1.06477E-04  4.47613E-01
  1.1766000000E+01  1.1792000000E+01  1.05217E-04  4.14752E-01
  1.1792000000E+01  1.1818000000E+01  1.05899E-04  4.37548E-01
  1.1818000000E+01  1.1844000000E+01  1.06166E-04  4.43514E-01
  1.1844000000E+01  1.1870000000E+01  1.06855E-04  4.45925E-01
  1.1870000000E+01  1.1896000000E+01  1.05937E-04  4.26548E-01
  1.1896000000E+01  1.1922000000E+01  1.07334E-04  4.39146E-01
  1.1922000000E+01  1.1948000000E+01  1.07126E-04  4.38596E-01
  1.1948000000E+01  1.1974000000E+01  1.06784E-04  4.14582E-01
  1.1974000000E+01  1.2000000000E+01  1.06555E-04  4.07500E-01
  1.2000000000E+01  1.2026000000E+01  1.07190E-04  4.56803E-01
  1.2026000000E+01  1.2052000000E+01  1.06894E-04  4.17096E-01
  1.2052000000E+01  1.2078000000E+01  1.06657E-04  3.89518E-01
  1.2078000000E+01  1.2104000000E+01  1.07964E-04  4.49569E-01
  1.2104000000E+01  1.2130000000E+01  1.07218E-04  4.22021E-01
  1.2130000000E+01  1.2156000000E+01  1.07021E-04  3.81427E-01
  1.2156000000E+01  1.2182000000E+01  1.08620E-04  4.48054E-01
  1.2182000000E+01  1.2208000000E+01  1.08158E-04  4.14129E-01
  1.2208000000E+01  1.2234000000E+01  1.08056E-04  4.12077E-01
  1.2234000000E+01  1.2260000000E+01  1.08167E-04  4.33789E-01
  1.2260000000E+01  1.2286000000E+01  1.07429E-04  4.07891E-01
  1.2286000000E+01  1.2312000000E+01  1.08897E-04  4.38976E-01
  1.2312000000E+01  1.2338000000E+01  1.08335E-04  4.12320E-01
  1.2338000000E+01  1.2364000000E+01  1.08320E-04  4.10724E-01
  1.2364000000E+01  1.2390000000E+01  1.08094E-04  4.00862E-01
  1.2390000000E+01  1.2416000000E+01  1.08890E-04  4.08025E-01
  1.2416000000E+01  1.2442000000E+01  1.08391E-04  3.99113E-01
  1.2442000000E+01  1.2468000000E+01  1.09013E-04  4.36578E-01
  1.2468000000E+01  1.2494000000E+01  1.09268E-04  4.47675E-01
  1.2494000000E+01  1.2520000000E+01  1.08920E-04  3.86546E-01
  1.2520000000E+01  1.2546000000E+01  1.09000E-04  3.89470E-01
  1.2546000000E+01  1.2572000000E+01  1.09268E-04  4.33806E-01
  1.2572000000E+01  1.2598000000E+01  1.09714E-04  4.28974E-01
  1.2598000000E+01  1.2624000000E+01  1.10363E-04  4.38295E-01
  1.2624000000E+01  1.2650000000E+01  1.10564E-04  4.19099E-01
  1.2650000000E+01  1.2676000000E+01  1.10638E-04  4.25823E-01
  1.2676000000E+01  1.2702000000E+01  1.10821E-04  4.54391E-01
  1.2702000000E+01  1.2728000000E+01  1.11324E-04  4.27257E-01
  1.2728000000E+01  1.2754000000E+01  1.10571E-04  4.19255E-01
  1.2754000000E+01  1.2780000000E+01  1.10664E-04  4.24661E-01
  1.2780000000E+01  1.2806000000E+01  1.11110E-04  4.02261E-01
  1.2806000000E+01  1.2832000000E+01  1.12193E-04  4.25373E-01
  1.2832000000E+01  1.2858000000E+01  1.11543E-04  4.30243E-01
  1.2858000000E+01  1.2884000000E+01  1.12170E-04  4.53355E-01
  1.2884000000E+01  1.2910000000E+01  1.12321E-04  4.02077E-01
  1.2910000000E+01  1.2936000000E+01  1.12665E-04  4.22606E-01
  1.2936000000E+01  1.2962000000E+01  1.13490E-04  4.53901E-01
  1.2962000000E+01  1.2988000000E+01  1.13837E-04  4.44196E-01
  1.2988000000E+01  1.3014000000E+01  1.13415E-04  4.24237E-01
  1.3014000000E+01  1.3040000000E+01  1.13774E-04  4.19342E-01
  1.3040000000E+01  1.3066000000E+01  1.14280E-04  4.09017E-01
  1.3066000000E+01  1.3092000000E+01  1.14426E-04  4.26449E-01
  1.3092000000E+01  1.3118000000E+01  1.14406E-04  4.40710E-01
  1.3118000000E+01  1.3144000000E+01  1.14871E-04  4.44535E-01
  1.3144000000E+01  1.3170000000E+01  1.13955E-04  4.17752E-01
  1.3170000000E+01  1.3196000000E+01  1.13869E-04  4.01110E-01
  1.3196000000E+01  1.3222000000E+01  1.14627E-04  4.25642E-01
  1.3222000000E+01  1.3248000000E+01  1.14430E-04  3.85030E-01
  1.3248000000E+01  1.3274000000E+01  1.15285E-04  4.23573E-01
  1.3274000000E+01  1.3300000000E+01  1.15539E-04  4.85510E-01
  1.3300000000E+01  1.3326000000E+01  1.16221E-04  4.01163E-01
  1.3326000000E+01  1.3352000000E+01  1.16316E-04  4.42099E-01
  1.3352000000E+01  1.3378000000E+01  1.16268E-04  4.11555E-01
  1.3378000000E+01  1.3404000000E+01  1.16686E-04  4.11402E-01
  1.3404000000E+01  1.3430000000E+01  1.17024E-04  4.29206E-01
  1.3430000000E+01  1.3456000000E+01  1.16617E-04  4.15962E-01
  1.3456000000E+01  1.3482000000E+01  1.17132E-04  4.48213E-01
  1.3482000000E+01  1.3508000000E+01  1.18634E-04  4.54241E-01
  1.3508000000E+01  1.3534000000E+01  1.18391E-04  4.08707E-01
  1.3534000000E+01  1.3560000000E+01  1.18167E-04  4.16043E-01
  1.3560000000E+01  1.3586000000E+01  1.17801E-04  3.82107E-01
  1.3586000000E+01  1.3612000000E+01  1.18243E-04  3.88916E-01
  1.3612000000E+01  1.3638000000E+01  1.19565E-04  4.18848E-01
  1.3638000000E+01  1.3664000000E+01  1.19562E-04  4.20830E-01
  1.3664000000E+01  1.3690000000E+01  1.19956E-04  4.25961E-01
  1.3690000000E+01  1.3716000000E+01  1.19539E-04  4.02560E-01
  1.3716000000E+01  1.3742000000E+01  1.19697E-04  3.89257E-01
  1.3742000000E+01  1.3768000000E+01  1.19542E-04  3.77868E-01
  1.3768000000E+01  1.3794000000E+01  1.20897E-04  4.21500E-01
  1.3794000000E+01  1.3820000000E+01  1.21003E-04  3.89314E-01
  1.3820000000E+01  1.3846000000E+01  1.21398E-04  3.87833E-01
  1.3846000000E+01  1.3872000000E+01  1.22764E-04  4.16948E-01
  1.3872000000E+01  1.3898000000E+01  1.22349E-04  3.81080E-01
  1.3898000000E+01  1.3924000000E+01  1.24140E-04  3.55772E-01
  1.3924000000E+01  1.3950000000E+01  1.24464E-04  3.44013E-01
  1.3950000000E+01  1.3976000000E+01  1.24512E-04  3.45320E-01
  1.3976000000E+01  1.4002000000E+01  1.25319E-04  3.41870E-01
  1.4002000000E+01  1.4028000000E+01  1.25756E-04  3.34328E-01
  1.4028000000E+01  1.4054000000E+01  1.26547E-04  3.38410E-01
  1.4054000000E+01  1.4080000000E+01  1.26578E-04  3.38199E-01
  1.4080000000E+01  1.4106000000E+01  1.27466E-04  3.32702E-01
  1.4106000000E+01  1.4132000000E+01  1.28117E-04  3.24918E-01
  1.4132000000E+01  1.4158000000E+01  1.28142E-04  3.10182E-01
  1.4158000000E+01  1.4184000000E+01  1.28472E-04  3.06010E-01
  1.4184000000E+01  1.4210000000E+01  1.28986E-04  3.03471E-01
  1.4210000000E+01  1.4236000000E+01  1.29439E-04  3.01305E-01
  1.4236000000E+01  1.4262000000E+01  1.29955E-04  2.94194E-01
  1.4262000000E+01  1.4288000000E+01  1.30516E-04  2.88272E-01
  1.4288000000E+01  1.4314000000E+01  1.31178E-04  2.80942E-01
  1.4314000000E+01  1.4340000000E+01  1.31387E-04  2.74251E-01
  1.4340000000E+01  1.4366000000E+01  1.31318E-04  2.74803E-01
  1.4366000000E+01  1.4392000000E+01  1.31277E-04  2.69913E-01
  1.4392000000E+01  1.4418000000E+01  1.32002E-04  2.69633E-01
  1.4418000000E+01  1.4444000000E+01  1.32255E-04  2.64852E-01
  1.4444000000E+01  1.4470000000E+01  1.31678E-04  2.65881E-01
  1.4470000000E+01  1.4496000000E+01  1.31417E-04  2.60616E-01
  1.4496000000E+01  1.4522000000E+01  1.32042E-04  2.55898E-01
  1.4522000000E+01  1.4548000000E+01  1.32241E-04  2.55499E-01
  1.4548000000E+01  1.4574000000E+01  1.31440E-04  2.52133E-01
  1.4574000000E+01  1.4600000000E+01  1.31512E-04  2.52448E-01
  1.4600000000E+01  1.4626000000E+01  1.31914E-04  2.50612E-01
  1.4626000000E+01  1.4652000000E+01  1.31934E-04  2.44201E-01
  1.4652000000E+01  1.4678000000E+01  1.32226E-04  2.46603E-01
  1.4678000000E+01  1.4704000000E+01  1.32062E-04  2.43261E-01
  1.4704000000E+01  1.4730000000E+01  1.32521E-04  2.43206E-01
  1.4730000000E+01  1.4756000000E+01  1.31849E-04  2.40817E-01
  1.4756000000E+01  1.4782000000E+01  1.31469E-04  2.38844E-01
  1.4782000000E+01  1.4808000000E+01  1.31756E-04  2.43107E-01
  1.4808000000E+01  1.4834000000E+01  1.31700E-04  2.40271E-01
  1.4834000000E+01  1.4860000000E+01  1.32113E-04  2.37251E-01
  1.4860000000E+01  1.4886000000E+01  1.31866E-04  2.33403E-01
  1.4886000000E+01  1.4912000000E+01  1.32242E-04  2.31227E-01
  1.4912000000E+01  1.4938000000E+01  1.32161E-04  2.36354E-01
  1.4938000000E+01  1.4964000000E+01  1.31585E-04  2.33602E-01
  1.4964000000E+01  1.4990000000E+01  1.31523E-04  2.34466E-01
  1.4990000000E+01  1.5016000000E+01  1.31231E-04  2.28070E-01
  1.5016000000E+01  1.5042000000E+01  1.31288E-04  2.29929E-01
  1.5042000000E+01  1.5068000000E+01  1.31399E-04  2.30854E-01
  1.5068000000E+01  1.5094000000E+01  1.31077E-04  2.34575E-01
  1.5094000000E+01  1.5120000000E+01  1.31292E-04  2.28543E-01
  1.5120000000E+01  1.5146000000E+01  1.30963E-04  2.31171E-01
  1.5146000000E+01  1.5172000000E+01  1.30814E-04  2.25735E-01
  1.5172000000E+01  1.5198000000E+01  1.30699E-04  2.29381E-01
  1.5198000000E+01  1.5224000000E+01  1.31163E-04  2.30440E-01
  1.5224000000E+01  1.5250000000E+01  1.31224E-04  2.25128E-01
  1.5250000000E+01  1.5276000000E+01  1.31461E-04  2.26471E-01
  1.5276000000E+01  1.5302000000E+01  1.31066E-04  2.22637E-01
  1.5302000000E+01  1.5328000000E+01  1.32142E-04  2.28014E-01
  1.5328000000E+01  1.5354000000E+01  1.31664E-04  2.27321E-01
  1.5354000000E+01  1.5380000000E+01  1.31008E-04  2.28704E-01
  1.5380000000E+01  1.5406000000E+01  1.30928E-04  2.25872E-01
  1.5406000000E+01  1.5432000000E+01  1.30943E-04  2.23568E-01
  1.5432000000E+01  1.5458000000E+01  1.30665E-04  2.20782E-01
  1.5458000000E+01  1.5484000000E+01  1.30806E-04  2.19397E-01
  1.5484000000E+01  1.5510000000E+01  1.31271E-04  2.26332E-01
  1.5510000000E+01  1.5536000000E+01  1.31200E-04  2.20777E-01
  1.5536000000E+01  1.5562000000E+01  1.30719E-04  2.18049E-01
  1.5562000000E+01  1.5588000000E+01  1.30340E-04  2.18002E-01
  1.5588000000E+01  1.5614000000E+01  1.30760E-04  2.19860E-01
  1.5614000000E+01  1.5640000000E+01  1.30794E-04  2.15040E-01
  1.5640000000E+01  1.5666000000E+01  1.30566E-04  2.11957E-01
  1.5666000000E+01  1.5692000000E+01  1.30124E-04  2.14006E-01
  1.5692000000E+01  1.5718000000E+01  1.30602E-04  2.15481E-01
  1.5718000000E+01  1.5744000000E+01  1.30676E-04  2.18197E-01
  1.5744000000E+01  1.5770000000E+01  1.30772E-04  2.22387E-01
  1.5770000000E+01  1.5796000000E+01  1.30179E-04  2.13625E-01
  1.5796000000E+01  1.5822000000E+01  1.31142E-04  2.18394E-01
  1.5822000000E+01  1.5848000000E+01  1.30762E-04  2.19329E-01
  1.5848000000E+01  1.5874000000E+01  1.30477E-04  2.20039E-01
  1.5874000000E+01  1.5900000000E+01  1.30626E-04  2.23982E-01
  1.5900000000E+01  1.5926000000E+01  1.30454E-04  2.21213E-01
  1.5926000000E+01  1.5952000000E+01  1.30374E-04  2.17169E-01
  1.5952000000E+01  1.5978000000E+01  1.30338E-04  2.19477E-01
  1.5978000000E+01  1.6004000000E+01  1.30536E-04  2.20425E-01
  1.6004000000E+01  1.6030000000E+01  1.30779E-04  2.23247E-01
  1.6030000000E+01  1.6056000000E+01  1.30543E-04  2.17100E-01
  1.6056000000E+01  1.6082000000E+01  1.30159E-04  2.15416E-01
  1.6082000000E+01  1.6108000000E+01  1.30408E-04  2.21131E-01
  1.6108000000E+01  1.6134000000E+01  1.30746E-04  2.22078E-01
  1.6134000000E+01  1.6160000000E+01  1.30318E-04  2.21432E-01
  1.6160000000E+01  1.6186000000E+01  1.29485E-04  2.20985E-01
  1.6186000000E+01  1.6212000000E+01  1.29976E-04  2.23071E-01
  1.6212000000E+01  1.6238000000E+01  1.29923E-04  2.21443E-01
  1.6238000000E+01  1.6264000000E+01  1.29708E-04  2.20564E-01
  1.6264000000E+01  1.6290000000E+01  1.29009E-04  2.16919E-01
  1.6290000000E+01  1.6316000000E+01  1.29308E-04  2.19057E-01
  1.6316000000E+01  1.6342000000E+01  1.29589E-04  2.21745E-01
  1.6342000000E+01  1.6368000000E+01  1.29505E-04  2.23592E-01
  1.6368000000E+01  1.6394000000E+01  1.28873E-04  2.18232E-01
  1.6394000000E+01  1.6420000000E+01  1.29643E-04  2.22237E-01
  1.6420000000E+01  1.6446000000E+01  1.29862E-04  2.21245E-01
  1.6446000000E+01  1.6472000000E+01  1.28968E-04  2.18146E-01
  1.6472000000E+01  1.6498000000E+01  1.29061E-04  2.22451E-01
  1.6498000000E+01  1.6524000000E+01  1.29522E-04  2.22543E-01
  1.6524000000E+01  1.6550000000E+01  1.29553E-04  2.19736E-01
  1.6550000000E+01  1.6576000000E+01  1.28920E-04  2.18850E-01
  1.6576000000E+01  1.6602000000E+01  1.29021E-04  2.16015E-01
  1.6602000000E+01  1.6628000000E+01  1.29346E-04  2.13133E-01
  1.6628000000E+01  1.6654000000E+01  1.29122E-04  2.15343E-01
  1.6654000000E+01  1.6680000000E+01  1.28765E-04  2.15697E-01
  1.6680000000E+01  1.6706000000E+01  1.29027E-04  2.15348E-01
  1.6706000000E+01  1.6732000000E+01  1.29048E-04  2.18388E-01
  1.6732000000E+01  1.6758000000E+01  1.28699E-04  2.14722E-01
  1.6758000000E+01  1.6784000000E+01  1.28794E-04  2.16643E-01
  1.6784000000E+01  1.6810000000E+01  1.29330E-04  2.18399E-01
  1.6810000000E+01  1.6836000000E+01  1.29038E-04  2.14975E-01
  1.6836000000E+01  1.6862000000E+01  1.29101E-04  2.19752E-01
  1.6862000000E+01  1.6888000000E+01  1.28555E-04  2.18269E-01
  1.6888000000E+01  1.6914000000E+01  1.28893E-04  2.18664E-01
  1.6914000000E+01  1.6940000000E+01  1.29025E-04  2.20748E-01
  1.6940000000E+01  1.6966000000E+01  1.28749E-04  2.12897E-01
  1.6966000000E+01  1.6992000000E+01  1.28690E-04  2.20645E-01
  1.6992000000E+01  1.7018000000E+01  1.28871E-04  2.17214E-01
  1.7018000000E+01  1.7044000000E+01  1.28606E-04  2.15032E-01
  1.7044000000E+01  1.7070000000E+01  1.28608E-04  2.17078E-01
  1.7070000000E+01  1.7096000000E+01  1.28036E-04  2.13123E-01
  1.7096000000E+01  1.7122000000E+01  1.28613E-04  2.14698E-01
  1.7122000000E+01  1.7148000000E+01  1.28801E-04  2.19683E-01
  1.7148000000E+01  1.7174000000E+01  1.28577E-04  2.16661E-01
  1.7174000000E+01  1.7200000000E+01  1.28332E-04  2.20961E-01
  1.7200000000E+01  1.7226000000E+01  1.28951E-04  2.18630E-01
  1.7226000000E+01  1.7252000000E+01  1.29086E-04  2.17993E-01
  1.7252000000E+01  1.7278000000E+01  1.28809E-04  2.20564E-01
  1.7278000000E+01  1.7304000000E+01  1.28542E-04  2.19606E-01
  1.7304000000E+01  1.7330000000E+01  1.28893E-04  2.22523E-01
  1.7330000000E+01  1.7356000000E+01  1.28385E-04  2.20888E-01
  1.7356000000E+01  1.7382000000E+01  1.28489E-04  2.20401E-01
  1.7382000000E+01  1.7408000000E+01  1.28436E-04  2.21326E-01
  1.7408000000E+01  1.7434000000E+01  1.28770E-04  2.16817E-01
  1.7434000000E+01  1.7460000000E+01  1.28693E-04  2.19892E-01
  1.7460000000E+01  1.7486000000E+01  1.28398E-04  2.21429E-01
  1.7486000000E+01  1.7512000000E+01  1.28633E-04  2.17927E-01
  1.7512000000E+01  1.7538000000E+01  1.28656E-04  2.19792E-01
  1.7538000000E+01  1.7564000000E+01  1.28647E-04  2.22812E-01
  1.7564000000E+01  1.7590000000E+01  1.28131E-04  2.23983E-01
  1.7590000000E+01  1.7616000000E+01  1.28170E-04  2.16097E-01
  1.7616000000E+01  1.7642000000E+01  1.28323E-04  2.17893E-01
  1.7642000000E+01  1.7668000000E+01  1.28284E-04  2.17176E-01
  1.7668000000E+01  1.7694000000E+01  1.27701E-04  2.17645E-01
  1.7694000000E+01  1.7720000000E+01  1.28547E-04  2.17929E-01
  1.7720000000E+01  1.7746000000E+01  1.28269E-04  2.18853E-01
  1.7746000000E+01  1.7772000000E+01  1.28110E-04  2.24154E-01
  1.7772000000E+01  1.7798000000E+01  1.27743E-04  2.19956E-01
  1.7798000000E+01  1.7824000000E+01  1.28371E-04  2.21656E-01
  1.7824000000E+01  1.7850000000E+01  1.28220E-04  2.20541E-01
  1.7850000000E+01  1.7876000000E+01  1.27957E-04  2.20926E-01
  1.7876000000E+01  1.7902000000E+01  1.27524E-04  2.22570E-01
  1.7902000000E+01  1.7928000000E+01  1.28080E-04  2.20827E-01
  1.7928000000E+01  1.7954000000E+01  1.27743E-04  2.20003E-01
  1.7954000000E+01  1.7980000000E+01  1.27050E-04  2.16886E-01
  1.7980000000E+01  1.8006000000E+01  1.27117E-04  2.18313E-01
  1.8006000000E+01  1.8032000000E+01  1.27675E-04  2.19027E-01
  1.8032000000E+01  1.8058000000E+01  1.27484E-04  2.17792E-01
  1.8058000000E+01  1.8084000000E+01  1.27432E-04  2.20284E-01
  1.8084000000E+01  1.8110000000E+01  1.27956E-04  2.23079E-01
  1.8110000000E+01  1.8136000000E+01  1.28189E-04  2.21181E-01
  1.8136000000E+01  1.8162000000E+01  1.27861E-04  2.16053E-01
  1.8162000000E+01  1.8188000000E+01  1.27425E-04  2.19617E-01
  1.8188000000E+01  1.8214000000E+01  1.27776E-04  2.21834E-01
  1.8214000000E+01  1.8240000000E+01  1.27855E-04  2.22979E-01
  1.8240000000E+01  1.8266000000E+01  1.28244E-04  2.23829E-01
  1.8266000000E+01  1.8292000000E+01  1.27712E-04  2.27086E-01
  1.8292000000E+01  1.8318000000E+01  1.28097E-04  2.23929E-01
  1.8318000000E+01  1.8344000000E+01  1.27759E-04  2.20053E-01
  1.8344000000E+01  1.8370000000E+01  1.27902E-04  2.24027E-01
  1.8370000000E+01  1.8396000000E+01  1.27416E-04  2.25737E-01
  1.8396000000E+01  1.8422000000E+01  1.27789E-04  2.25112E-01
  1.8422000000E+01  1.8448000000E+01  1.27918E-04  2.22520E-01
  1.8448000000E+01  1.8474000000E+01  1.27666E-04  2.24742E-01
  1.8474000000E+01  1.8500000000E+01  1.27157E-04  2.22524E-01
  1.8500000000E+01  1.8526000000E+01  1.28161E-04  2.23847E-01
  1.8526000000E+01  1.8552000000E+01  1.28229E-04  2.24076E-01
  1.8552000000E+01  1.8578000000E+01  1.28046E-04  2.24723E-01
  1.8578000000E+01  1.8604000000E+01  1.28116E-04  2.21378E-01
  1.8604000000E+01  1.8630000000E+01  1.28706E-04  2.24209E-01
  1.8630000000E+01  1.8656000000E+01  1.28657E-04  2.27980E-01
  1.8656000000E+01  1.8682000000E+01  1.28044E-04  2.25094E-01
  1.8682000000E+01  1.8708000000E+01  1.27990E-04  2.23887E-01
  1.8708000000E+01  1.8734000000E+01  1.28498E-04  2.28854E-01
  1.8734000000E+01  1.8760000000E+01  1.28757E-04  2.33304E-01
  1.8760000000E+01  1.8786000000E+01  1.28131E-04  2.32798E-01
  1.8786000000E+01  1.8812000000E+01  1.28843E-04  2.30765E-01
  1.8812000000E+01  1.8838000000E+01  1.28915E-04  2.29852E-01
  1.8838000000E+01  1.8864000000E+01  1.29412E-04  2.33379E-01
  1.8864000000E+01  1.8890000000E+01  1.28716E-04  2.33653E-01
  1.8890000000E+01  1.8916000000E+01  1.29176E-04  2.34043E-01
  1.8916000000E+01  1.8942000000E+01  1.29559E-04  2.32130E-01
  1.8942000000E+01  1.8968000000E+01  1.29362E-04  2.30900E-01
  1.8968000000E+01  1.8994000000E+01  1.28907E-04  2.34662E-01
  1.8994000000E+01  1.9020000000E+01  1.29467E-04  2.34477E-01
  1.9020000000E+01  1.9046000000E+01  1.29593E-04  2.37371E-01
  1.9046000000E+01  1.9072000000E+01  1.29403E-04  2.34318E-01
  1.9072000000E+01  1.9098000000E+01  1.28873E-04  2.33100E-01
  1.9098000000E+01  1.9124000000E+01  1.29476E-04  2.39528E-01
  1.9124000000E+01  1.9150000000E+01  1.29884E-04  2.35422E-01
  1.9150000000E+01  1.9176000000E+01  1.29637E-04  2.37325E-01
  1.9176000000E+01  1.9202000000E+01  1.29368E-04  2.38032E-01
  1.9202000000E+01  1.9228000000E+01  1.30186E-04  2.38107E-01
  1.9228000000E+01  1.9254000000E+01  1.30252E-04  2.39120E-01
  1.9254000000E+01  1.9280000000E+01  1.29325E-04  2.34919E-01
  1.9280000000E+01  1.9306000000E+01  1.29513E-04  2.41961E-01
  1.9306000000E+01  1.9332000000E+01  1.30303E-04  2.42334E-01
  1.9332000000E+01  1.9358000000E+01  1.30498E-04  2.38968E-01
  1.9358000000E+01  1.9384000000E+01  1.29921E-04  2.42793E-01
  1.9384000000E+01  1.9410000000E+01  1.30291E-04  2.43469E-01
  1.9410000000E+01  1.9436000000E+01  1.30855E-04  2.44606E-01
  1.9436000000E+01  1.9462000000E+01  1.30637E-04  2.43587E-01
  1.9462000000E+01  1.9488000000E+01  1.29945E-04  2.46502E-01
  1.9488000000E+01  1.9514000000E+01  1.30531E-04  2.46815E-01
  1.9514000000E+01  1.9540000000E+01  1.30951E-04  2.48041E-01
  1.9540000000E+01  1.9566000000E+01  1.30906E-04  2.44157E-01
  1.9566000000E+01  1.9592000000E+01  1.30044E-04  2.46482E-01
  1.9592000000E+01  1.9618000000E+01  1.30719E-04  2.50321E-01
  1.9618000000E+01  1.9644000000E+01  1.31625E-04  2.49788E-01
  1.9644000000E+01  1.9670000000E+01  1.31486E-04  2.50386E-01
  1.9670000000E+01  1.9696000000E+01  1.30893E-04  2.53862E-01
  1.9696000000E+01  1.9722000000E+01  1.31656E-04  2.58219E-01
  1.9722000000E+01  1.9748000000E+01  1.32550E-04  2.61428E-01
  1.9748000000E+01  1.9774000000E+01  1.31879E-04  2.59643E-01
  1.9774000000E+01  1.9800000000E+01  1.31196E-04  2.60580E-01
  1.9800000000E+01  1.9826000000E+01  1.32259E-04  2.61766E-01
  1.9826000000E+01  1.9852000000E+01  1.32302E-04  2.65318E-01
  1.9852000000E+01  1.9878000000E+01  1.32139E-04  2.63869E-01
  1.9878000000E+01  1.9904000000E+01  1.31071E-04  2.65089E-01
  1.9904000000E+01  1.9930000000E+01  1.31770E-04  2.67750E-01
  1.9930000000E+01  1.9956000000E+01  1.31652E-04  2.72934E-01
  1.9956000000E+01  1.9982000000E+01  1.31027E-04  2.75609E-01
  1.9982000000E+01  2.0008000000E+01  1.30524E-04  2.80847E-01
  2.0008000000E+01  2.0034000000E+01  1.31221E-04  2.82797E-01
  2.0034000000E+01  2.0060000000E+01  1.30080E-04  2.85405E-01
  2.0060000000E+01  2.0086000000E+01  1.28474E-04  2.90300E-01
  2.0086000000E+01  2.0112000000E+01  1.27404E-04  2.90625E-01
  2.0112000000E+01  2.0138000000E+01  1.26869E-04  2.96523E-01
  2.0138000000E+01  2.0164000000E+01  1.25299E-04  3.02741E-01
  2.0164000000E+01  2.0190000000E+01  1.22625E-04  3.12980E-01
  2.0190000000E+01  2.0216000000E+01  1.21100E-04  3.19137E-01
  2.0216000000E+01  2.0242000000E+01  1.19246E-04  3.31295E-01
  2.0242000000E+01  2.0268000000E+01  1.15717E-04  3.37088E-01
  2.0268000000E+01  2.0294000000E+01  1.12065E-04  3.40741E-01
  2.0294000000E+01  2.0320000000E+01  1.09323E-04  3.54321E-01
  2.0320000000E+01  2.0346000000E+01  1.05266E-04  3.63950E-01
  2.0346000000E+01  2.0372000000E+01  1.00315E-04  3.77771E-01
  2.0372000000E+01  2.0398000000E+01  9.47963E-05  3.91435E-01
  2.0398000000E+01  2.0424000000E+01  9.04170E-05  3.96327E-01
  2.0424000000E+01  2.0450000000E+01  8.45675E-05  4.17602E-01
  2.0450000000E+01  2.0476000000E+01  7.86439E-05  4.38139E-01
  2.0476000000E+01  2.0502000000E+01  7.24978E-05  4.55023E-01
  2.0502000000E+01  2.0528000000E+01  6.63936E-05  4.88423E-01
  2.0528000000E+01  2.0554000000E+01  6.03473E-05  5.15527E-01
  2.0554000000E+01  2.0580000000E+01  5.39533E-05  5.58782E-01
  2.0580000000E+01  2.0606000000E+01  4.75209E-05  5.99118E-01
  2.0606000000E+01  2.0632000000E+01  4.19088E-05  6.33195E-01
  2.0632000000E+01  2.0658000000E+01  3.65363E-05  6.88113E-01
  2.0658000000E+01  2.0684000000E+01  3.14338E-05  7.58013E-01
  2.0684000000E+01  2.0710000000E+01  2.63891E-05  8.23493E-01
  2.0710000000E+01  2.0736000000E+01  2.20011E-05  9.14629E-01
  2.0736000000E+01  2.0762000000E+01  1.81870E-05  1.01818E+00
  2.0762000000E+01  2.0788000000E+01  1.47628E-05  1.16718E+00
  2.0788000000E+01  2.0814000000E+01  1.18317E-05  1.26388E+00
  2.0814000000E+01  2.0840000000E+01  9.51338E-06  1.41306E+00
  2.0840000000E+01  2.0866000000E+01  7.28465E-06  1.61792E+00
  2.0866000000E+01  2.0892000000E+01  5.77051E-06  1.86687E+00
  2.0892000000E+01  2.0918000000E+01  4.32221E-06  2.10044E+00
  2.0918000000E+01  2.0944000000E+01  3.27994E-06  2.53803E+00
  2.0944000000E+01  2.0970000000E+01  2.39797E-06  2.75776E+00
  2.0970000000E+01  2.0996000000E+01  1.90715E-06  3.27096E+00
  2.0996000000E+01  2.1022000000E+01  1.35256E-06  3.84260E+00
  2.1022000000E+01  2.1048000000E+01  9.25419E-07  4.51966E+00
  2.1048000000E+01  2.1074000000E+01  7.33810E-07  5.34113E+00
  2.1074000000E+01  2.1100000000E+01  5.61253E-07  7.25578E+00
  2.1100000000E+01  2.1126000000E+01  3.46960E-07  7.03514E+00
  2.1126000000E+01  2.1152000000E+01  2.69725E-07  8.24341E+00
  2.1152000000E+01  2.1178000000E+01  3.20109E-07  1.13096E+01
  2.1178000000E+01  2.1204000000E+01  2.24366E-07  9.70495E+00
  2.1204000000E+01  2.1230000000E+01  2.08442E-07  9.19336E+00
  2.1230000000E+01  2.1256000000E+01  2.10161E-07  9.42686E+00
  2.1256000000E+01  2.1282000000E+01  1.90558E-07  1.07960E+01
  2.1282000000E+01  2.1308000000E+01  1.71645E-07  1.13197E+01
  2.1308000000E+01  2.1334000000E+01  1.65908E-07  9.29955E+00
  2.1334000000E+01  2.1360000000E+01  1.98227E-07  9.53482E+00
  2.1360000000E+01  2.1386000000E+01  2.42234E-07  1.14554E+01
  2.1386000000E+01  2.1412000000E+01  1.69386E-07  1.04348E+01
  2.1412000000E+01  2.1438000000E+01  1.58489E-07  1.10064E+01
  2.1438000000E+01  2.1464000000E+01  1.62972E-07  1.07060E+01
  2.1464000000E+01  2.1490000000E+01  1.69286E-07  1.50951E+01
  2.1490000000E+01  2.1516000000E+01  2.01655E-07  1.02930E+01
  2.1516000000E+01  2.1542000000E+01  2.10643E-07  1.16325E+01
  2.1542000000E+01  2.1568000000E+01  1.93322E-07  1.07769E+01
  2.1568000000E+01  2.1594000000E+01  1.88223E-07  1.43149E+01
  2.1594000000E+01  2.1620000000E+01  1.40105E-07  8.02569E+00
  2.1620000000E+01  2.1646000000E+01  1.40473E-07  9.19749E+00
  2.1646000000E+01  2.1672000000E+01  1.73566E-07  1.12849E+01
  2.1672000000E+01  2.1698000000E+01  2.20595E-07  1.24739E+01
  2.1698000000E+01  2.1724000000E+01  2.01098E-07  9.74579E+00
  2.1724000000E+01  2.1750000000E+01  1.72605E-07  9.11015E+00
  2.1750000000E+01  2.1776000000E+01  1.63494E-07  9.64452E+00
  2.1776000000E+01  2.1802000000E+01  1.43612E-07  9.82412E+00
  2.1802000000E+01  2.1828000000E+01  1.51531E-07  1.11353E+01
  2.1828000000E+01  2.1854000000E+01  1.63711E-07  1.40043E+01
  2.1854000000E+01  2.1880000000E+01  1.36326E-07  9.93446E+00
  2.1880000000E+01  2.1906000000E+01  1.36138E-07  1.36390E+01
  2.1906000000E+01  2.1932000000E+01  1.24220E-07  1.18362E+01
  2.1932000000E+01  2.1958000000E+01  1.78156E-07  1.27844E+01
  2.1958000000E+01  2.1984000000E+01  2.02277E-07  8.66726E+00
  2.1984000000E+01  2.2010000000E+01  1.80743E-07  1.19779E+01
  2.2010000000E+01  2.2036000000E+01  1.93486E-07  1.02742E+01
  2.2036000000E+01  2.2062000000E+01  1.98468E-07  1.32537E+01
  2.2062000000E+01  2.2088000000E+01  1.55075E-07  1.20939E+01
  2.2088000000E+01  2.2114000000E+01  1.41670E-07  1.13050E+01
  2.2114000000E+01  2.2140000000E+01  1.37036E-07  8.71181E+00
  2.2140000000E+01  2.2166000000E+01  1.54506E-07  1.08123E+01
  2.2166000000E+01  2.2192000000E+01  1.29066E-07  9.50009E+00
  2.2192000000E+01  2.2218000000E+01  1.52602E-07  1.17001E+01
  2.2218000000E+01  2.2244000000E+01  1.58434E-07  1.30596E+01
  2.2244000000E+01  2.2270000000E+01  1.32429E-07  9.67474E+00
  2.2270000000E+01  2.2296000000E+01  1.61199E-07  9.20437E+00
  2.2296000000E+01  2.2322000000E+01  1.68855E-07  1.07109E+01
  2.2322000000E+01  2.2348000000E+01  1.48673E-07  9.74483E+00
  2.2348000000E+01  2.2374000000E+01  1.83749E-07  1.34613E+01
  2.2374000000E+01  2.2400000000E+01  1.32480E-07  9.28182E+00
  2.2400000000E+01  2.2426000000E+01  1.31704E-07  9.09431E+00
  2.2426000000E+01  2.2452000000E+01  1.38599E-07  1.43897E+01
  2.2452000000E+01  2.2478000000E+01  1.30113E-07  1.15653E+01
  2.2478000000E+01  2.2504000000E+01  1.67023E-07  2.43440E+01
  2.2504000000E+01  2.2530000000E+01  1.26168E-07  1.22475E+01
  2.2530000000E+01  2.2556000000E+01  1.35774E-07  9.47791E+00
  2.2556000000E+01  2.2582000000E+01  1.66176E-07  1.51524E+01
  2.2582000000E+01  2.2608000000E+01  1.71479E-07  1.63753E+01
  2.2608000000E+01  2.2634000000E+01  1.57413E-07  1.66370E+01
  2.2634000000E+01  2.2660000000E+01  1.55824E-07  1.31416E+01
  2.2660000000E+01  2.2686000000E+01  1.68774E-07  1.46222E+01
  2.2686000000E+01  2.2712000000E+01  1.82619E-07  1.46742E+01
  2.2712000000E+01  2.2738000000E+01  1.52484E-07  1.12644E+01
  2.2738000000E+01  2.2764000000E+01  1.31286E-07  1.27257E+01
  2.2764000000E+01  2.2790000000E+01  1.08216E-07  1.08401E+01
  2.2790000000E+01  2.2816000000E+01  1.28000E-07  1.04438E+01
  2.2816000000E+01  2.2842000000E+01  1.39171E-07  1.07025E+01
  2.2842000000E+01  2.2868000000E+01  1.21706E-07  9.39732E+00
  2.2868000000E+01  2.2894000000E+01  1.01621E-07  7.72861E+00
  2.2894000000E+01  2.2920000000E+01  1.30109E-07  8.98809E+00
  2.2920000000E+01  2.2946000000E+01  1.05020E-07  8.86118E+00
  2.2946000000E+01  2.2972000000E+01  1.41889E-07  1.30821E+01
  2.2972000000E+01  2.2998000000E+01  1.31414E-07  8.59047E+00
  2.2998000000E+01  2.3024000000E+01  1.66873E-07  1.22707E+01
  2.3024000000E+01  2.3050000000E+01  1.23665E-07  1.34213E+01
  2.3050000000E+01  2.3076000000E+01  1.26920E-07  9.87489E+00
  2.3076000000E+01  2.3102000000E+01  1.03836E-07  9.65765E+00
  2.3102000000E+01  2.3128000000E+01  1.32169E-07  1.01154E+01
  2.3128000000E+01  2.3154000000E+01  1.49311E-07  1.36783E+01
  2.3154000000E+01  2.3180000000E+01  1.44691E-07  1.38246E+01
  2.3180000000E+01  2.3206000000E+01  2.07099E-07  1.29959E+01
  2.3206000000E+01  2.3232000000E+01  1.54509E-07  1.34295E+01
  2.3232000000E+01  2.3258000000E+01  1.20814E-07  1.17049E+01
  2.3258000000E+01  2.3284000000E+01  1.09204E-07  8.56713E+00
  2.3284000000E+01  2.3310000000E+01  1.08325E-07  8.72577E+00
  2.3310000000E+01  2.3336000000E+01  1.32085E-07  9.46924E+00
  2.3336000000E+01  2.3362000000E+01  1.32798E-07  9.96348E+00
  2.3362000000E+01  2.3388000000E+01  1.33549E-07  1.03697E+01
  2.3388000000E+01  2.3414000000E+01  1.20094E-07  1.04948E+01
  2.3414000000E+01  2.3440000000E+01  1.24259E-07  1.14031E+01
  2.3440000000E+01  2.3466000000E+01  1.34816E-07  1.46914E+01
  2.3466000000E+01  2.3492000000E+01  1.19685E-07  1.11124E+01
  2.3492000000E+01  2.3518000000E+01  1.46307E-07  1.75148E+01
  2.3518000000E+01  2.3544000000E+01  1.41057E-07  1.25967E+01
  2.3544000000E+01  2.3570000000E+01  1.60868E-07  1.62783E+01
  2.3570000000E+01  2.3596000000E+01  1.05118E-07  1.42164E+01
  2.3596000000E+01  2.3622000000E+01  9.48363E-08  9.60243E+00
  2.3622000000E+01  2.3648000000E+01  9.06186E-08  9.80366E+00
  2.3648000000E+01  2.3674000000E+01  1.21189E-07  1.46898E+01
  2.3674000000E+01  2.3700000000E+01  1.13036E-07  1.14270E+01
  2.3700000000E+01  2.3726000000E+01  1.21415E-07  1.64499E+01
  2.3726000000E+01  2.3752000000E+01  9.39688E-08  1.04627E+01
  2.3752000000E+01  2.3778000000E+01  1.57417E-07  1.61507E+01
  2.3778000000E+01  2.3804000000E+01  1.45164E-07  1.53978E+01
  2.3804000000E+01  2.3830000000E+01  1.06603E-07  1.10360E+01
  2.3830000000E+01  2.3856000000E+01  1.10583E-07  1.40417E+01
  2.3856000000E+01  2.3882000000E+01  1.02056E-07  1.01500E+01
  2.3882000000E+01  2.3908000000E+01  1.49000E-07  1.21308E+01
  2.3908000000E+01  2.3934000000E+01  1.58751E-07  2.11313E+01
  2.3934000000E+01  2.3960000000E+01  1.44010E-07  1.18729E+01
  2.3960000000E+01  2.3986000000E+01  1.71086E-07  1.30629E+01
  2.3986000000E+01  2.4012000000E+01  1.74758E-07  1.65282E+01
  2.4012000000E+01  2.4038000000E+01  1.05348E-07  1.36372E+01
  2.4038000000E+01  2.4064000000E+01  1.28694E-07  1.33081E+01
  2.4064000000E+01  2.4090000000E+01  1.28453E-07  1.52176E+01
  2.4090000000E+01  2.4116000000E+01  1.53860E-07  1.60282E+01
  2.4116000000E+01  2.4142000000E+01  1.09617E-07  1.07675E+01
  2.4142000000E+01  2.4168000000E+01  1.22464E-07  1.77955E+01
  2.4168000000E+01  2.4194000000E+01  1.03160E-07  1.12075E+01
  2.4194000000E+01  2.4220000000E+01  1.20763E-07  1.61216E+01
  2.4220000000E+01  2.4246000000E+01  9.80904E-08  1.20216E+01
  2.4246000000E+01  2.4272000000E+01  7.58858E-08  1.03196E+01
  2.4272000000E+01  2.4298000000E+01  1.11148E-07  1.31973E+01
  2.4298000000E+01  2.4324000000E+01  1.58257E-07  1.52007E+01
  2.4324000000E+01  2.4350000000E+01  1.00152E-07  9.38346E+00
  2.4350000000E+01  2.4376000000E+01  1.34901E-07  1.33780E+01
  2.4376000000E+01  2.4402000000E+01  1.49301E-07  1.15376E+01
  2.4402000000E+01  2.4428000000E+01  1.31015E-07  1.13671E+01
  2.4428000000E+01  2.4454000000E+01  1.14423E-07  1.10938E+01
  2.4454000000E+01  2.4480000000E+01  1.56663E-07  1.55626E+01
  2.4480000000E+01  2.4506000000E+01  1.24482E-07  1.04145E+01
  2.4506000000E+01  2.4532000000E+01  9.80147E-08  1.36928E+01
  2.4532000000E+01  2.4558000000E+01  1.23386E-07  1.55952E+01
  2.4558000000E+01  2.4584000000E+01  9.74842E-08  9.73654E+00
  2.4584000000E+01  2.4610000000E+01  1.23362E-07  1.47029E+01
  2.4610000000E+01  2.4636000000E+01  9.89633E-08  1.23636E+01
  2.4636000000E+01  2.4662000000E+01  1.00503E-07  1.29330E+01
  2.4662000000E+01  2.4688000000E+01  8.97610E-08  1.11342E+01
  2.4688000000E+01  2.4714000000E+01  1.08718E-07  1.27275E+01
  2.4714000000E+01  2.4740000000E+01  1.03998E-07  1.00546E+01
  2.4740000000E+01  2.4766000000E+01  1.56589E-07  1.82811E+01
  2.4766000000E+01  2.4792000000E+01  1.34125E-07  1.28268E+01
  2.4792000000E+01  2.4818000000E+01  1.11097E-07  1.29708E+01
  2.4818000000E+01  2.4844000000E+01  1.15140E-07  9.87996E+00
  2.4844000000E+01  2.4870000000E+01  1.05436E-07  1.35040E+01
  2.4870000000E+01  2.4896000000E+01  1.19069E-07  1.20720E+01
  2.4896000000E+01  2.4922000000E+01  1.53534E-07  1.43945E+01
  2.4922000000E+01  2.4948000000E+01  1.04301E-07  1.83052E+01
  2.4948000000E+01  2.4974000000E+01  1.28633E-07  1.93660E+01
  2.4974000000E+01  2.5000000000E+01  1.02433E-07  1.18135E+01
  2.5000000000E+01  2.5000000000E+01  1.02433E-07  1.18135E+01
