
 *****                                                                                    *****

           DATE:  3/16/22,  TIME: 13:03:49

          Total number of particles followed          50000, for a total weight of  5.0000E+04

1
   Cartesian binning n.   1  "E1        " , generalized particle n.  208
      X coordinate: from -2.5000E+01 to  2.5000E+01 cm,     1 bins ( 5.0000E+01 cm wide)
      Y coordinate: from -2.5000E+01 to  2.5000E+01 cm,     1 bins ( 5.0000E+01 cm wide)
      Z coordinate: from  0.0000E+00 to  2.5000E+01 cm,  1000 bins ( 2.5000E-02 cm wide)
      Data follow in a matrix A(ix,iy,iz), format (1(5x,1p,10(1x,e11.4)))

      accurate deposition along the tracks requested
       2.2572E-06  2.3044E-06  2.3362E-06  2.3630E-06  2.3280E-06  2.3526E-06  2.3637E-06  2.3284E-06  2.3540E-06  2.3901E-06
       2.3385E-06  2.3430E-06  2.3671E-06  2.3891E-06  2.3469E-06  2.3720E-06  2.3771E-06  2.3923E-06  2.4136E-06  2.3953E-06
       2.3673E-06  2.4088E-06  2.3909E-06  2.4197E-06  2.4039E-06  2.4025E-06  2.3898E-06  2.4212E-06  2.3652E-06  2.3973E-06
       2.3907E-06  2.4090E-06  2.4054E-06  2.4086E-06  2.4199E-06  2.4336E-06  2.4202E-06  2.4152E-06  2.4282E-06  2.4439E-06
       2.4216E-06  2.4230E-06  2.4761E-06  2.4505E-06  2.4893E-06  2.4702E-06  2.4807E-06  2.4829E-06  2.4544E-06  2.5096E-06
       2.5051E-06  2.4859E-06  2.4651E-06  2.4813E-06  2.4760E-06  2.4855E-06  2.4763E-06  2.5046E-06  2.4748E-06  2.4831E-06
       2.4853E-06  2.4896E-06  2.5112E-06  2.5325E-06  2.4856E-06  2.4907E-06  2.4902E-06  2.5070E-06  2.4954E-06  2.5431E-06
       2.4989E-06  2.5318E-06  2.5252E-06  2.5211E-06  2.5348E-06  2.5031E-06  2.5289E-06  2.5695E-06  2.5244E-06  2.5503E-06
       2.5534E-06  2.5341E-06  2.5517E-06  2.5475E-06  2.5666E-06  2.5794E-06  2.5401E-06  2.5778E-06  2.6121E-06  2.6014E-06
       2.5655E-06  2.6449E-06  2.5916E-06  2.6206E-06  2.6264E-06  2.6031E-06  2.5669E-06  2.6050E-06  2.6155E-06  2.6076E-06
       2.5947E-06  2.5798E-06  2.6064E-06  2.5973E-06  2.6012E-06  2.5996E-06  2.6098E-06  2.5669E-06  2.5934E-06  2.5990E-06
       2.5755E-06  2.6231E-06  2.6153E-06  2.6160E-06  2.5729E-06  2.6083E-06  2.6272E-06  2.6470E-06  2.6355E-06  2.6378E-06
       2.6350E-06  2.6160E-06  2.6245E-06  2.6356E-06  2.6068E-06  2.6167E-06  2.6268E-06  2.6583E-06  2.6213E-06  2.6052E-06
       2.6331E-06  2.6523E-06  2.6613E-06  2.6674E-06  2.6764E-06  2.6661E-06  2.6614E-06  2.6771E-06  2.6963E-06  2.6724E-06
       2.6656E-06  2.6263E-06  2.6240E-06  2.6537E-06  2.6883E-06  2.6683E-06  2.6436E-06  2.6878E-06  2.6608E-06  2.6885E-06
       2.6846E-06  2.6707E-06  2.6776E-06  2.6778E-06  2.6854E-06  2.6894E-06  2.7027E-06  2.7022E-06  2.7059E-06  2.7198E-06
       2.6951E-06  2.6918E-06  2.7122E-06  2.7164E-06  2.7163E-06  2.7107E-06  2.7195E-06  2.7499E-06  2.7206E-06  2.7221E-06
       2.7084E-06  2.7161E-06  2.7260E-06  2.7532E-06  2.7020E-06  2.7512E-06  2.7137E-06  2.7024E-06  2.7439E-06  2.7719E-06
       2.7446E-06  2.7537E-06  2.7630E-06  2.7908E-06  2.7838E-06  2.7982E-06  2.7623E-06  2.7512E-06  2.7111E-06  2.7227E-06
       2.7124E-06  2.7660E-06  2.7353E-06  2.7282E-06  2.7115E-06  2.7771E-06  2.7575E-06  2.7682E-06  2.7365E-06  2.7660E-06
       2.7661E-06  2.7403E-06  2.7834E-06  2.7653E-06  2.8037E-06  2.8032E-06  2.8259E-06  2.7987E-06  2.7721E-06  2.7939E-06
       2.7812E-06  2.8147E-06  2.7800E-06  2.7777E-06  2.7876E-06  2.8058E-06  2.7676E-06  2.7546E-06  2.8053E-06  2.7642E-06
       2.7726E-06  2.8181E-06  2.7978E-06  2.8051E-06  2.8155E-06  2.8605E-06  2.8356E-06  2.8092E-06  2.8480E-06  2.8249E-06
       2.8685E-06  2.8501E-06  2.8396E-06  2.8506E-06  2.8444E-06  2.8520E-06  2.8338E-06  2.8705E-06  2.8529E-06  2.8747E-06
       2.8184E-06  2.8125E-06  2.8356E-06  2.8383E-06  2.8513E-06  2.8489E-06  2.8440E-06  2.8590E-06  2.8438E-06  2.8660E-06
       2.8672E-06  2.8902E-06  2.8343E-06  2.8747E-06  2.8662E-06  2.8675E-06  2.9038E-06  2.9094E-06  2.8803E-06  2.8636E-06
       2.8079E-06  2.8530E-06  2.8721E-06  2.8584E-06  2.8895E-06  2.8734E-06  2.8713E-06  2.8956E-06  2.8883E-06  2.8957E-06
       2.9107E-06  2.9297E-06  2.8991E-06  2.8867E-06  2.8991E-06  2.9317E-06  2.9112E-06  2.8995E-06  2.9092E-06  2.9099E-06
       2.9599E-06  2.9491E-06  2.9158E-06  2.9642E-06  2.9311E-06  2.9147E-06  2.9008E-06  2.9168E-06  2.9305E-06  2.9270E-06
       2.8909E-06  2.9289E-06  2.9480E-06  2.9574E-06  2.9619E-06  2.9553E-06  2.9657E-06  2.9929E-06  3.0016E-06  2.9702E-06
       2.9927E-06  2.9658E-06  2.9450E-06  2.9580E-06  2.9710E-06  2.9488E-06  2.9327E-06  2.9686E-06  2.9867E-06  2.9649E-06
       2.9860E-06  2.9778E-06  2.9763E-06  2.9711E-06  2.9578E-06  2.9934E-06  3.0029E-06  3.0007E-06  2.9343E-06  2.9485E-06
       2.9838E-06  2.9643E-06  2.9734E-06  2.9587E-06  2.9837E-06  3.0071E-06  3.0223E-06  3.0295E-06  3.0072E-06  3.0105E-06
       3.0250E-06  3.0214E-06  3.0288E-06  3.0702E-06  3.0160E-06  2.9944E-06  2.9888E-06  2.9805E-06  3.0266E-06  3.0353E-06
       3.0366E-06  3.0206E-06  3.0294E-06  3.0497E-06  3.0413E-06  3.0145E-06  3.0596E-06  3.0845E-06  3.0852E-06  3.0514E-06
       3.0497E-06  3.0591E-06  3.0460E-06  3.0539E-06  3.0408E-06  3.0759E-06  3.0352E-06  3.0516E-06  3.0675E-06  3.0597E-06
       3.0503E-06  3.0935E-06  3.0753E-06  3.0579E-06  3.0979E-06  3.0987E-06  3.0430E-06  3.0636E-06  3.0869E-06  3.0842E-06
       3.0582E-06  3.0844E-06  3.0726E-06  3.1133E-06  3.0803E-06  3.0662E-06  3.0999E-06  3.0802E-06  3.1190E-06  3.0973E-06
       3.0887E-06  3.1028E-06  3.1159E-06  3.1372E-06  3.1360E-06  3.1478E-06  3.1192E-06  3.1594E-06  3.1496E-06  3.1369E-06
       3.1256E-06  3.1381E-06  3.1218E-06  3.1518E-06  3.1618E-06  3.1747E-06  3.1663E-06  3.1590E-06  3.1193E-06  3.1668E-06
       3.1512E-06  3.1633E-06  3.1614E-06  3.1777E-06  3.1838E-06  3.1694E-06  3.1529E-06  3.1453E-06  3.1708E-06  3.2075E-06
       3.1761E-06  3.1656E-06  3.1935E-06  3.2526E-06  3.1690E-06  3.1624E-06  3.1894E-06  3.2169E-06  3.2184E-06  3.2331E-06
       3.1905E-06  3.1909E-06  3.2322E-06  3.2360E-06  3.2068E-06  3.2550E-06  3.3038E-06  3.2595E-06  3.2839E-06  3.2378E-06
       3.2382E-06  3.2527E-06  3.2409E-06  3.3002E-06  3.2613E-06  3.2355E-06  3.2547E-06  3.2663E-06  3.2304E-06  3.2565E-06
       3.2689E-06  3.2958E-06  3.2744E-06  3.2960E-06  3.3259E-06  3.2508E-06  3.3043E-06  3.3095E-06  3.2857E-06  3.2856E-06
       3.3067E-06  3.3108E-06  3.3053E-06  3.3153E-06  3.3557E-06  3.3705E-06  3.3332E-06  3.3614E-06  3.4067E-06  3.3823E-06
       3.3813E-06  3.3705E-06  3.3214E-06  3.3510E-06  3.3795E-06  3.4144E-06  3.3936E-06  3.4516E-06  3.4545E-06  3.3886E-06
       3.3768E-06  3.3672E-06  3.3954E-06  3.4247E-06  3.4385E-06  3.4064E-06  3.4232E-06  3.4026E-06  3.4096E-06  3.3680E-06
       3.4109E-06  3.4311E-06  3.4065E-06  3.4296E-06  3.4528E-06  3.4238E-06  3.4372E-06  3.4480E-06  3.4518E-06  3.4673E-06
       3.4535E-06  3.4634E-06  3.4543E-06  3.4854E-06  3.4822E-06  3.4727E-06  3.4918E-06  3.4930E-06  3.5043E-06  3.5176E-06
       3.4884E-06  3.5259E-06  3.4729E-06  3.5087E-06  3.5118E-06  3.5421E-06  3.5873E-06  3.5395E-06  3.5425E-06  3.5086E-06
       3.5386E-06  3.5860E-06  3.5761E-06  3.5849E-06  3.6049E-06  3.6110E-06  3.5781E-06  3.6263E-06  3.6598E-06  3.6360E-06
       3.6522E-06  3.5927E-06  3.6499E-06  3.6747E-06  3.7112E-06  3.6899E-06  3.6269E-06  3.6205E-06  3.6440E-06  3.6537E-06
       3.6623E-06  3.6743E-06  3.6934E-06  3.6844E-06  3.6787E-06  3.6880E-06  3.7462E-06  3.7110E-06  3.7630E-06  3.7684E-06
       3.7734E-06  3.8256E-06  3.8215E-06  3.7876E-06  3.8136E-06  3.7964E-06  3.8129E-06  3.8418E-06  3.8794E-06  3.8395E-06
       3.8358E-06  3.8432E-06  3.8846E-06  3.9016E-06  3.9137E-06  3.9396E-06  3.9630E-06  3.9833E-06  3.9799E-06  4.0149E-06
       4.0126E-06  4.0285E-06  4.0220E-06  4.0542E-06  4.0852E-06  4.0726E-06  4.1077E-06  4.0928E-06  4.1389E-06  4.1584E-06
       4.1563E-06  4.1953E-06  4.2160E-06  4.2207E-06  4.1831E-06  4.1835E-06  4.2106E-06  4.2244E-06  4.2192E-06  4.2374E-06
       4.2421E-06  4.2150E-06  4.1952E-06  4.1868E-06  4.1851E-06  4.2010E-06  4.1947E-06  4.1908E-06  4.1784E-06  4.1980E-06
       4.1870E-06  4.1951E-06  4.1778E-06  4.1859E-06  4.1871E-06  4.2028E-06  4.2280E-06  4.1968E-06  4.1796E-06  4.1619E-06
       4.1600E-06  4.1654E-06  4.1836E-06  4.1683E-06  4.1964E-06  4.1930E-06  4.1899E-06  4.1749E-06  4.1983E-06  4.1899E-06
       4.1885E-06  4.1769E-06  4.1971E-06  4.1751E-06  4.1636E-06  4.1705E-06  4.1712E-06  4.1909E-06  4.1779E-06  4.1432E-06
       4.1631E-06  4.1671E-06  4.1544E-06  4.1582E-06  4.1665E-06  4.1754E-06  4.1684E-06  4.1711E-06  4.1919E-06  4.1868E-06
       4.1589E-06  4.1418E-06  4.1542E-06  4.1518E-06  4.1462E-06  4.1581E-06  4.1744E-06  4.1875E-06  4.1551E-06  4.1618E-06
       4.1767E-06  4.1494E-06  4.1650E-06  4.1684E-06  4.1612E-06  4.1691E-06  4.1394E-06  4.1381E-06  4.1499E-06  4.1434E-06
       4.1057E-06  4.1065E-06  4.1435E-06  4.1124E-06  4.1311E-06  4.1369E-06  4.1399E-06  4.1533E-06  4.1359E-06  4.1259E-06
       4.1495E-06  4.1410E-06  4.1226E-06  4.1051E-06  4.1212E-06  4.1233E-06  4.0912E-06  4.1007E-06  4.1204E-06  4.1136E-06
       4.1109E-06  4.1168E-06  4.1154E-06  4.1161E-06  4.1118E-06  4.1065E-06  4.1238E-06  4.1299E-06  4.0934E-06  4.0907E-06
       4.1257E-06  4.1061E-06  4.0908E-06  4.0679E-06  4.0903E-06  4.0927E-06  4.0812E-06  4.0763E-06  4.0909E-06  4.1094E-06
       4.1092E-06  4.1058E-06  4.1199E-06  4.1082E-06  4.1190E-06  4.1252E-06  4.1130E-06  4.1119E-06  4.1201E-06  4.1058E-06
       4.1421E-06  4.1081E-06  4.1157E-06  4.0919E-06  4.0841E-06  4.0920E-06  4.1005E-06  4.1055E-06  4.1186E-06  4.1087E-06
       4.1057E-06  4.0969E-06  4.0993E-06  4.0864E-06  4.1020E-06  4.1004E-06  4.1198E-06  4.1198E-06  4.1075E-06  4.0742E-06
       4.0975E-06  4.1009E-06  4.1032E-06  4.0988E-06  4.1175E-06  4.1054E-06  4.0917E-06  4.0813E-06  4.0993E-06  4.0820E-06
       4.0683E-06  4.0812E-06  4.0969E-06  4.0841E-06  4.0771E-06  4.0767E-06  4.0923E-06  4.0953E-06  4.0781E-06  4.0774E-06
       4.1183E-06  4.0934E-06  4.0923E-06  4.0684E-06  4.1202E-06  4.1107E-06  4.1105E-06  4.1110E-06  4.1250E-06  4.1155E-06
       4.1062E-06  4.1040E-06  4.1245E-06  4.1034E-06  4.0831E-06  4.0891E-06  4.1337E-06  4.1234E-06  4.1065E-06  4.1102E-06
       4.1334E-06  4.1367E-06  4.1116E-06  4.1138E-06  4.1361E-06  4.1433E-06  4.1329E-06  4.1064E-06  4.1402E-06  4.1583E-06
       4.1381E-06  4.1265E-06  4.1664E-06  4.1606E-06  4.1400E-06  4.1292E-06  4.1636E-06  4.1828E-06  4.1440E-06  4.1474E-06
       4.1598E-06  4.1668E-06  4.1595E-06  4.1765E-06  4.1855E-06  4.1974E-06  4.2126E-06  4.1744E-06  4.2102E-06  4.2203E-06
       4.2084E-06  4.1782E-06  4.2267E-06  4.2385E-06  4.2030E-06  4.1901E-06  4.2073E-06  4.2072E-06  4.1916E-06  4.1538E-06
       4.1899E-06  4.1670E-06  4.1279E-06  4.0769E-06  4.0858E-06  4.0647E-06  3.9886E-06  3.9183E-06  3.8959E-06  3.8525E-06
       3.7310E-06  3.6056E-06  3.5489E-06  3.3621E-06  3.1976E-06  3.0419E-06  2.8801E-06  2.6817E-06  2.5208E-06  2.3125E-06
       2.1396E-06  1.9508E-06  1.7576E-06  1.5603E-06  1.3977E-06  1.2288E-06  1.0663E-06  9.1234E-07  7.8096E-07  6.4434E-07
       5.4153E-07  4.3204E-07  3.6213E-07  2.9329E-07  2.2363E-07  1.8717E-07  1.4594E-07  1.1041E-07  8.2918E-08  6.6581E-08
       5.6117E-08  4.6882E-08  4.2516E-08  3.6564E-08  3.4494E-08  2.8022E-08  2.3086E-08  2.3140E-08  2.2805E-08  2.3412E-08
       1.4565E-08  1.7031E-08  2.1500E-08  2.1003E-08  2.4132E-08  2.0291E-08  1.4243E-08  1.5047E-08  1.6552E-08  1.9456E-08
       2.2274E-08  2.0418E-08  1.5214E-08  1.6010E-08  1.6236E-08  1.3792E-08  1.7277E-08  2.2813E-08  1.5286E-08  1.6659E-08
       1.3415E-08  2.1877E-08  1.9716E-08  1.7562E-08  2.8021E-08  2.3174E-08  1.6205E-08  2.3255E-08  2.7586E-08  1.9000E-08
       2.8285E-08  2.7144E-08  2.1441E-08  1.9036E-08  1.6082E-08  1.7482E-08  2.5914E-08  1.6367E-08  2.1416E-08  1.9165E-08
       1.7251E-08  2.1243E-08  3.2009E-08  2.1026E-08  1.6943E-08  1.8710E-08  2.2308E-08  1.7006E-08  1.9685E-08  2.0576E-08
       1.9415E-08  1.8648E-08  1.6449E-08  2.1254E-08  2.1323E-08  1.7141E-08  1.9114E-08  1.8056E-08  1.9973E-08  1.6759E-08
       2.1447E-08  2.4455E-08  1.9298E-08  1.5049E-08  1.4752E-08  2.4898E-08  1.8224E-08  1.6481E-08  1.7603E-08  3.0176E-08
       2.3242E-08  1.4881E-08  1.3295E-08  1.6564E-08  1.9336E-08  1.7692E-08  1.3329E-08  1.6842E-08  1.8060E-08  1.8096E-08
       3.0747E-08  2.4802E-08  2.2630E-08  2.1614E-08  2.5684E-08  2.0024E-08  1.6348E-08  1.6238E-08  1.6473E-08  2.1156E-08
       2.0559E-08  1.9522E-08  1.8797E-08  1.3714E-08  1.2339E-08  1.9909E-08  1.7790E-08  2.2710E-08  1.3807E-08  1.6397E-08
       1.4308E-08  1.7774E-08  1.6888E-08  2.0035E-08  1.7539E-08  1.7386E-08  1.7139E-08  2.0731E-08  1.9136E-08  1.6110E-08
       1.9119E-08  1.6165E-08  1.8365E-08  3.0697E-08  2.2539E-08  1.5814E-08  1.4983E-08  1.3373E-08  1.6987E-08  1.7027E-08
       1.4814E-08  1.3062E-08  1.9242E-08  2.9440E-08  2.6336E-08  3.2095E-08  2.6328E-08  1.8134E-08  1.8736E-08  2.3611E-08
       3.1603E-08  1.6463E-08  1.9657E-08  2.6399E-08  1.2472E-08  1.5168E-08  2.4064E-08  2.3611E-08  2.5377E-08  2.1995E-08
       2.2596E-08  2.3666E-08  1.6729E-08  1.7690E-08  1.9073E-08  2.4943E-08  2.1148E-08  1.9026E-08  1.2927E-08  2.7683E-08
