
 *****                                                                                    *****

           DATE:  3/16/22,  TIME: 12:59:16

          Total number of particles followed          50000, for a total weight of  5.0000E+04

1
   Cartesian binning n.   1  "E1        " , generalized particle n.  208
      X coordinate: from -2.5000E+01 to  2.5000E+01 cm,     1 bins ( 5.0000E+01 cm wide)
      Y coordinate: from -2.5000E+01 to  2.5000E+01 cm,     1 bins ( 5.0000E+01 cm wide)
      Z coordinate: from  0.0000E+00 to  2.5000E+01 cm,  1000 bins ( 2.5000E-02 cm wide)
      Data follow in a matrix A(ix,iy,iz), format (1(5x,1p,10(1x,e11.4)))

      accurate deposition along the tracks requested
       2.2144E-06  2.3147E-06  2.3168E-06  2.3100E-06  2.3569E-06  2.3221E-06  2.3942E-06  2.4173E-06  2.3728E-06  2.3734E-06
       2.3555E-06  2.3428E-06  2.3618E-06  2.3671E-06  2.3872E-06  2.4066E-06  2.3705E-06  2.3844E-06  2.3749E-06  2.4019E-06
       2.3793E-06  2.3720E-06  2.4080E-06  2.4233E-06  2.3983E-06  2.4132E-06  2.4183E-06  2.4362E-06  2.4329E-06  2.4227E-06
       2.4132E-06  2.4163E-06  2.4181E-06  2.4766E-06  2.4277E-06  2.4434E-06  2.4165E-06  2.4156E-06  2.4499E-06  2.4394E-06
       2.4491E-06  2.4305E-06  2.4426E-06  2.4323E-06  2.4399E-06  2.4623E-06  2.4722E-06  2.4550E-06  2.4921E-06  2.4650E-06
       2.4573E-06  2.4691E-06  2.4439E-06  2.4496E-06  2.4600E-06  2.4679E-06  2.4847E-06  2.5343E-06  2.5131E-06  2.4995E-06
       2.4874E-06  2.4715E-06  2.4896E-06  2.4958E-06  2.5095E-06  2.5001E-06  2.5086E-06  2.5140E-06  2.5218E-06  2.5353E-06
       2.5347E-06  2.5390E-06  2.5009E-06  2.5183E-06  2.5723E-06  2.5485E-06  2.5391E-06  2.5640E-06  2.5432E-06  2.5417E-06
       2.5320E-06  2.5534E-06  2.5492E-06  2.5629E-06  2.5521E-06  2.5233E-06  2.5244E-06  2.5503E-06  2.5589E-06  2.5379E-06
       2.5437E-06  2.5560E-06  2.5555E-06  2.5863E-06  2.5490E-06  2.6568E-06  2.5816E-06  2.5778E-06  2.5448E-06  2.5940E-06
       2.5710E-06  2.5763E-06  2.5828E-06  2.5580E-06  2.5962E-06  2.6348E-06  2.6004E-06  2.6228E-06  2.5602E-06  2.5629E-06
       2.5865E-06  2.5898E-06  2.5907E-06  2.5873E-06  2.5999E-06  2.6191E-06  2.5922E-06  2.5947E-06  2.6412E-06  2.6520E-06
       2.6814E-06  2.6560E-06  2.6879E-06  2.6340E-06  2.6496E-06  2.6101E-06  2.6547E-06  2.6681E-06  2.6357E-06  2.6614E-06
       2.6753E-06  2.6250E-06  2.6476E-06  2.6138E-06  2.6483E-06  2.7061E-06  2.6349E-06  2.6722E-06  2.6726E-06  2.6779E-06
       2.6501E-06  2.6894E-06  2.6471E-06  2.6921E-06  2.6572E-06  2.6860E-06  2.6591E-06  2.7121E-06  2.6403E-06  2.6834E-06
       2.6433E-06  2.6748E-06  2.7037E-06  2.6427E-06  2.6820E-06  2.7376E-06  2.6676E-06  2.7189E-06  2.6883E-06  2.6681E-06
       2.6303E-06  2.6903E-06  2.6837E-06  2.7247E-06  2.6870E-06  2.6907E-06  2.6945E-06  2.7129E-06  2.6965E-06  2.7193E-06
       2.7277E-06  2.7072E-06  2.7029E-06  2.7470E-06  2.7335E-06  2.7198E-06  2.7329E-06  2.7675E-06  2.7685E-06  2.7510E-06
       2.7529E-06  2.7631E-06  2.7277E-06  2.8043E-06  2.7571E-06  2.7924E-06  2.7338E-06  2.7713E-06  2.7881E-06  2.7523E-06
       2.7622E-06  2.7502E-06  2.7363E-06  2.7383E-06  2.7536E-06  2.7837E-06  2.7520E-06  2.7985E-06  2.7545E-06  2.7710E-06
       2.7870E-06  2.7547E-06  2.7327E-06  2.7740E-06  2.7835E-06  2.7655E-06  2.7979E-06  2.8084E-06  2.7761E-06  2.8244E-06
       2.8218E-06  2.8066E-06  2.8371E-06  2.8521E-06  2.8297E-06  2.8624E-06  2.8071E-06  2.8190E-06  2.8230E-06  2.8408E-06
       2.8160E-06  2.7952E-06  2.7749E-06  2.8171E-06  2.8031E-06  2.8117E-06  2.7807E-06  2.8440E-06  2.7942E-06  2.8356E-06
       2.8186E-06  2.8568E-06  2.8288E-06  2.8603E-06  2.8418E-06  2.8890E-06  2.8773E-06  2.7943E-06  2.8214E-06  2.8322E-06
       2.8407E-06  2.8552E-06  2.8832E-06  2.8803E-06  2.8703E-06  2.8980E-06  2.8467E-06  2.8343E-06  2.8495E-06  2.9177E-06
       2.9151E-06  2.8695E-06  2.8563E-06  2.8662E-06  2.8640E-06  2.8436E-06  2.8729E-06  2.8245E-06  2.9084E-06  2.9066E-06
       2.8484E-06  2.8633E-06  2.8882E-06  2.9073E-06  2.8526E-06  2.9105E-06  2.8932E-06  2.8972E-06  2.9109E-06  2.8904E-06
       2.8571E-06  2.8729E-06  2.8642E-06  2.8646E-06  2.8832E-06  2.9564E-06  2.9328E-06  2.9597E-06  2.9070E-06  2.9272E-06
       2.8947E-06  2.8921E-06  2.9175E-06  2.9240E-06  2.9176E-06  2.9527E-06  2.9713E-06  2.9495E-06  2.9814E-06  2.9505E-06
       2.9582E-06  2.9396E-06  2.9232E-06  2.9507E-06  2.9197E-06  2.8963E-06  2.9272E-06  2.9714E-06  2.9676E-06  2.9790E-06
       2.9787E-06  2.9821E-06  2.9395E-06  2.9925E-06  2.9533E-06  2.9876E-06  2.9709E-06  2.9971E-06  2.9604E-06  3.0021E-06
       3.0001E-06  2.9983E-06  2.9839E-06  2.9844E-06  3.0173E-06  3.0125E-06  2.9863E-06  2.9884E-06  3.0223E-06  2.9756E-06
       2.9589E-06  3.0021E-06  2.9940E-06  3.0196E-06  3.0015E-06  2.9937E-06  3.0005E-06  3.0382E-06  3.0247E-06  3.0663E-06
       3.0528E-06  3.0986E-06  3.0903E-06  3.0681E-06  3.0074E-06  3.0881E-06  3.0526E-06  3.1067E-06  3.0678E-06  3.0835E-06
       3.0385E-06  3.0617E-06  3.0353E-06  3.0577E-06  3.0756E-06  3.0562E-06  3.0686E-06  3.0689E-06  3.0816E-06  3.0714E-06
       3.1279E-06  3.0972E-06  3.1152E-06  3.1264E-06  3.0701E-06  3.1069E-06  3.1240E-06  3.1209E-06  3.1164E-06  3.1048E-06
       3.0734E-06  3.0997E-06  3.1010E-06  3.1053E-06  3.0923E-06  3.0685E-06  3.0744E-06  3.1063E-06  3.1014E-06  3.1334E-06
       3.1081E-06  3.1022E-06  3.0864E-06  3.0705E-06  3.0743E-06  3.1295E-06  3.0955E-06  3.1063E-06  3.0935E-06  3.1036E-06
       3.1140E-06  3.1519E-06  3.1290E-06  3.1509E-06  3.1187E-06  3.1118E-06  3.1590E-06  3.1647E-06  3.1409E-06  3.1612E-06
       3.1729E-06  3.1506E-06  3.1518E-06  3.1650E-06  3.1469E-06  3.1534E-06  3.1432E-06  3.1320E-06  3.1392E-06  3.1562E-06
       3.1570E-06  3.2009E-06  3.1987E-06  3.2315E-06  3.2107E-06  3.2108E-06  3.1883E-06  3.1899E-06  3.1845E-06  3.1988E-06
       3.1619E-06  3.1622E-06  3.1579E-06  3.2358E-06  3.1958E-06  3.1955E-06  3.1905E-06  3.2490E-06  3.2554E-06  3.2301E-06
       3.2169E-06  3.2188E-06  3.2284E-06  3.2490E-06  3.2275E-06  3.2515E-06  3.2676E-06  3.2471E-06  3.2617E-06  3.2532E-06
       3.2748E-06  3.2899E-06  3.2896E-06  3.2892E-06  3.2813E-06  3.2715E-06  3.3138E-06  3.2691E-06  3.2714E-06  3.2681E-06
       3.2593E-06  3.2667E-06  3.3053E-06  3.2909E-06  3.3349E-06  3.2997E-06  3.2950E-06  3.3294E-06  3.2744E-06  3.2938E-06
       3.2626E-06  3.3266E-06  3.3029E-06  3.2853E-06  3.2571E-06  3.2894E-06  3.3060E-06  3.2902E-06  3.3567E-06  3.4068E-06
       3.3654E-06  3.3832E-06  3.3984E-06  3.3377E-06  3.3184E-06  3.3461E-06  3.3579E-06  3.3698E-06  3.3733E-06  3.3854E-06
       3.3863E-06  3.3786E-06  3.4028E-06  3.3870E-06  3.4062E-06  3.4101E-06  3.4028E-06  3.4441E-06  3.4092E-06  3.4134E-06
       3.4339E-06  3.4275E-06  3.4381E-06  3.4128E-06  3.4170E-06  3.4526E-06  3.4859E-06  3.4505E-06  3.4825E-06  3.4861E-06
       3.5054E-06  3.5069E-06  3.4950E-06  3.4648E-06  3.4803E-06  3.4567E-06  3.4871E-06  3.4953E-06  3.4891E-06  3.5295E-06
       3.5136E-06  3.5040E-06  3.5168E-06  3.5087E-06  3.5107E-06  3.5303E-06  3.5187E-06  3.5235E-06  3.5641E-06  3.5481E-06
       3.5375E-06  3.5434E-06  3.5552E-06  3.5778E-06  3.5760E-06  3.5974E-06  3.5928E-06  3.5821E-06  3.6231E-06  3.5995E-06
       3.6209E-06  3.6424E-06  3.6355E-06  3.6668E-06  3.7210E-06  3.6728E-06  3.6640E-06  3.6514E-06  3.6653E-06  3.6867E-06
       3.6802E-06  3.6644E-06  3.7131E-06  3.7053E-06  3.7219E-06  3.6968E-06  3.7328E-06  3.7620E-06  3.7353E-06  3.7400E-06
       3.7634E-06  3.7724E-06  3.8169E-06  3.7982E-06  3.8259E-06  3.8365E-06  3.8779E-06  3.8336E-06  3.8443E-06  3.8477E-06
       3.8377E-06  3.8758E-06  3.9018E-06  3.8837E-06  3.9126E-06  3.9477E-06  3.9772E-06  3.9573E-06  3.9772E-06  3.9869E-06
       4.0240E-06  4.0788E-06  4.0609E-06  4.0725E-06  4.0851E-06  4.1178E-06  4.1349E-06  4.1233E-06  4.1604E-06  4.1782E-06
       4.2019E-06  4.2033E-06  4.2124E-06  4.2181E-06  4.2248E-06  4.2323E-06  4.2380E-06  4.2429E-06  4.2200E-06  4.2123E-06
       4.2439E-06  4.2679E-06  4.2147E-06  4.2207E-06  4.2192E-06  4.2295E-06  4.2722E-06  4.2426E-06  4.2485E-06  4.2710E-06
       4.2245E-06  4.2222E-06  4.2256E-06  4.2309E-06  4.2342E-06  4.2333E-06  4.2211E-06  4.2165E-06  4.2281E-06  4.2229E-06
       4.2331E-06  4.2309E-06  4.2322E-06  4.2418E-06  4.2270E-06  4.2100E-06  4.2042E-06  4.2166E-06  4.2191E-06  4.2100E-06
       4.2136E-06  4.1894E-06  4.2038E-06  4.2004E-06  4.2018E-06  4.2174E-06  4.1979E-06  4.2123E-06  4.1779E-06  4.1611E-06
       4.2014E-06  4.1529E-06  4.1583E-06  4.1737E-06  4.1824E-06  4.1748E-06  4.1417E-06  4.1439E-06  4.1496E-06  4.1664E-06
       4.1650E-06  4.1608E-06  4.1760E-06  4.1645E-06  4.1462E-06  4.1632E-06  4.1681E-06  4.1709E-06  4.1560E-06  4.1627E-06
       4.1543E-06  4.1560E-06  4.1660E-06  4.1502E-06  4.1852E-06  4.1706E-06  4.1415E-06  4.1450E-06  4.1694E-06  4.1653E-06
       4.1736E-06  4.1478E-06  4.1299E-06  4.1285E-06  4.1253E-06  4.1130E-06  4.1373E-06  4.1510E-06  4.1413E-06  4.1327E-06
       4.1718E-06  4.1424E-06  4.1328E-06  4.1334E-06  4.1501E-06  4.1542E-06  4.1478E-06  4.1531E-06  4.1644E-06  4.1881E-06
       4.1292E-06  4.1199E-06  4.1430E-06  4.1341E-06  4.1158E-06  4.1324E-06  4.1463E-06  4.1648E-06  4.1285E-06  4.1142E-06
       4.1283E-06  4.1434E-06  4.1224E-06  4.1105E-06  4.1429E-06  4.1137E-06  4.1144E-06  4.1035E-06  4.0991E-06  4.1115E-06
       4.1030E-06  4.0781E-06  4.0925E-06  4.0872E-06  4.0547E-06  4.0465E-06  4.0906E-06  4.0876E-06  4.0605E-06  4.0747E-06
       4.0836E-06  4.0834E-06  4.0692E-06  4.0464E-06  4.0675E-06  4.0624E-06  4.0799E-06  4.0749E-06  4.0885E-06  4.0726E-06
       4.0823E-06  4.0665E-06  4.0841E-06  4.0916E-06  4.1068E-06  4.0866E-06  4.0779E-06  4.0582E-06  4.0487E-06  4.0131E-06
       4.0562E-06  4.0424E-06  4.0435E-06  4.0487E-06  4.0585E-06  4.0442E-06  4.0463E-06  4.0495E-06  4.0867E-06  4.0812E-06
       4.0919E-06  4.0518E-06  4.0679E-06  4.0656E-06  4.0676E-06  4.0540E-06  4.0760E-06  4.0816E-06  4.0645E-06  4.0337E-06
       4.0585E-06  4.0697E-06  4.0584E-06  4.0533E-06  4.0572E-06  4.0571E-06  4.0515E-06  4.0488E-06  4.0709E-06  4.0781E-06
       4.0569E-06  4.0451E-06  4.0644E-06  4.0635E-06  4.0767E-06  4.0573E-06  4.0795E-06  4.0824E-06  4.0895E-06  4.0752E-06
       4.0916E-06  4.1112E-06  4.0921E-06  4.0977E-06  4.1324E-06  4.1340E-06  4.1075E-06  4.0945E-06  4.1360E-06  4.1222E-06
       4.1374E-06  4.1174E-06  4.1300E-06  4.1478E-06  4.1206E-06  4.1146E-06  4.1547E-06  4.1488E-06  4.1361E-06  4.1363E-06
       4.1603E-06  4.1804E-06  4.1692E-06  4.1535E-06  4.2076E-06  4.1877E-06  4.1752E-06  4.1744E-06  4.2007E-06  4.1945E-06
       4.1990E-06  4.1827E-06  4.2209E-06  4.2166E-06  4.2029E-06  4.1892E-06  4.2096E-06  4.1987E-06  4.1891E-06  4.1586E-06
       4.1910E-06  4.1753E-06  4.1398E-06  4.0804E-06  4.0366E-06  4.0040E-06  3.9287E-06  3.8588E-06  3.8496E-06  3.7682E-06
       3.6746E-06  3.5250E-06  3.4588E-06  3.2836E-06  3.1363E-06  2.9647E-06  2.8147E-06  2.6670E-06  2.4834E-06  2.2989E-06
       2.1161E-06  1.9730E-06  1.7922E-06  1.5742E-06  1.3871E-06  1.2253E-06  1.0620E-06  8.9877E-07  7.6457E-07  6.4828E-07
       5.4301E-07  4.5483E-07  3.9481E-07  3.0677E-07  2.3441E-07  1.9052E-07  1.5711E-07  1.1774E-07  9.7877E-08  8.2300E-08
       6.2604E-08  5.4764E-08  4.4531E-08  4.3688E-08  4.1891E-08  2.3914E-08  2.0219E-08  1.5442E-08  1.4585E-08  1.5932E-08
       1.8906E-08  2.5608E-08  2.1349E-08  2.6987E-08  3.0268E-08  2.2166E-08  2.5110E-08  1.4946E-08  1.7949E-08  2.1323E-08
       1.9996E-08  2.2028E-08  2.4125E-08  1.8307E-08  1.5695E-08  2.0928E-08  1.9476E-08  1.9600E-08  2.3739E-08  2.4663E-08
       1.7156E-08  1.7781E-08  3.4430E-08  1.8881E-08  2.4324E-08  1.7495E-08  1.6785E-08  1.4381E-08  2.3653E-08  2.0300E-08
       2.9122E-08  2.1157E-08  2.1159E-08  2.6014E-08  3.2272E-08  2.2455E-08  2.9160E-08  3.4619E-08  2.6274E-08  2.9266E-08
       2.0906E-08  2.0082E-08  2.4420E-08  2.0942E-08  1.4199E-08  1.9127E-08  1.5607E-08  1.4937E-08  2.3434E-08  2.0492E-08
       2.3842E-08  4.2492E-08  2.5821E-08  2.4797E-08  1.6077E-08  2.1190E-08  2.6696E-08  2.1638E-08  2.2348E-08  2.4148E-08
       2.1686E-08  2.3348E-08  2.5754E-08  1.7703E-08  2.0755E-08  1.5037E-08  1.3483E-08  1.6485E-08  1.7203E-08  2.1998E-08
       2.3997E-08  1.3174E-08  1.1920E-08  1.2869E-08  2.2032E-08  2.1023E-08  1.8909E-08  1.9544E-08  2.4218E-08  2.3433E-08
       1.7205E-08  1.0764E-08  1.8027E-08  1.6151E-08  2.5616E-08  1.9446E-08  1.6696E-08  2.6280E-08  1.4538E-08  1.5088E-08
       1.9894E-08  1.1904E-08  1.5833E-08  1.4117E-08  1.9227E-08  2.2731E-08  2.5250E-08  1.3634E-08  1.4847E-08  1.5604E-08
       2.6429E-08  3.2368E-08  1.4656E-08  1.5542E-08  1.8410E-08  1.8623E-08  2.3554E-08  1.8219E-08  1.9422E-08  2.2873E-08
       1.5848E-08  1.7696E-08  2.1164E-08  2.0243E-08  2.4255E-08  2.2825E-08  2.4432E-08  1.2980E-08  1.4694E-08  4.4068E-08
       3.2389E-08  2.6224E-08  2.1611E-08  2.3347E-08  2.3087E-08  3.3106E-08  2.7376E-08  1.5674E-08  1.8591E-08  1.7932E-08
       2.0264E-08  2.0636E-08  1.7741E-08  1.6929E-08  1.5537E-08  1.3022E-08  2.3932E-08  1.8639E-08  2.9089E-08  2.4239E-08
       3.3885E-08  2.3699E-08  2.9174E-08  3.2514E-08  1.4507E-08  2.1475E-08  1.8382E-08  1.9222E-08  2.2059E-08  1.8250E-08
