
 *****                                                                                    *****

           DATE:  3/16/22,  TIME: 13:08:17

          Total number of particles followed          50000, for a total weight of  5.0000E+04

1
   Cartesian binning n.   1  "E1        " , generalized particle n.  208
      X coordinate: from -2.5000E+01 to  2.5000E+01 cm,     1 bins ( 5.0000E+01 cm wide)
      Y coordinate: from -2.5000E+01 to  2.5000E+01 cm,     1 bins ( 5.0000E+01 cm wide)
      Z coordinate: from  0.0000E+00 to  2.5000E+01 cm,  1000 bins ( 2.5000E-02 cm wide)
      Data follow in a matrix A(ix,iy,iz), format (1(5x,1p,10(1x,e11.4)))

      accurate deposition along the tracks requested
       2.2207E-06  2.2786E-06  2.3089E-06  2.3343E-06  2.3064E-06  2.3193E-06  2.3143E-06  2.3511E-06  2.3286E-06  2.3634E-06
       2.3818E-06  2.3731E-06  2.3805E-06  2.3458E-06  2.3664E-06  2.3699E-06  2.4034E-06  2.3884E-06  2.3843E-06  2.3967E-06
       2.3764E-06  2.3707E-06  2.3949E-06  2.4206E-06  2.4190E-06  2.4183E-06  2.3902E-06  2.4244E-06  2.4493E-06  2.3921E-06
       2.4077E-06  2.4607E-06  2.4054E-06  2.4242E-06  2.4683E-06  2.4772E-06  2.4844E-06  2.4647E-06  2.4271E-06  2.4552E-06
       2.4702E-06  2.4790E-06  2.4865E-06  2.4878E-06  2.4400E-06  2.4773E-06  2.4614E-06  2.4708E-06  2.4946E-06  2.5075E-06
       2.4591E-06  2.4498E-06  2.5088E-06  2.4930E-06  2.5080E-06  2.5017E-06  2.4815E-06  2.4715E-06  2.4420E-06  2.4740E-06
       2.4540E-06  2.4801E-06  2.4661E-06  2.4729E-06  2.4900E-06  2.5313E-06  2.5093E-06  2.5254E-06  2.5012E-06  2.4960E-06
       2.5910E-06  2.5964E-06  2.5219E-06  2.5447E-06  2.5494E-06  2.5536E-06  2.5632E-06  2.5042E-06  2.5516E-06  2.5694E-06
       2.5390E-06  2.5503E-06  2.5569E-06  2.5579E-06  2.5410E-06  2.5401E-06  2.5215E-06  2.5365E-06  2.5441E-06  2.5205E-06
       2.5623E-06  2.5552E-06  2.5451E-06  2.5724E-06  2.5633E-06  2.5775E-06  2.5785E-06  2.5485E-06  2.5855E-06  2.5902E-06
       2.5855E-06  2.5785E-06  2.5625E-06  2.5838E-06  2.5973E-06  2.5801E-06  2.5850E-06  2.6492E-06  2.5789E-06  2.6122E-06
       2.5790E-06  2.6228E-06  2.6125E-06  2.6303E-06  2.6190E-06  2.6223E-06  2.6079E-06  2.6347E-06  2.6364E-06  2.6591E-06
       2.6166E-06  2.6647E-06  2.6612E-06  2.6305E-06  2.6362E-06  2.6385E-06  2.6242E-06  2.6251E-06  2.6048E-06  2.6480E-06
       2.6286E-06  2.6597E-06  2.6538E-06  2.6515E-06  2.6180E-06  2.6398E-06  2.6129E-06  2.6405E-06  2.6407E-06  2.6341E-06
       2.6443E-06  2.6635E-06  2.6577E-06  2.6541E-06  2.5988E-06  2.6507E-06  2.6569E-06  2.6722E-06  2.7075E-06  2.6690E-06
       2.6790E-06  2.6903E-06  2.6554E-06  2.6800E-06  2.6856E-06  2.6894E-06  2.6844E-06  2.6761E-06  2.7180E-06  2.7256E-06
       2.6578E-06  2.6664E-06  2.6678E-06  2.6945E-06  2.7123E-06  2.7124E-06  2.7169E-06  2.7119E-06  2.6935E-06  2.7121E-06
       2.7157E-06  2.6761E-06  2.7323E-06  2.7375E-06  2.7455E-06  2.7254E-06  2.7546E-06  2.7549E-06  2.7065E-06  2.7079E-06
       2.7047E-06  2.7024E-06  2.7230E-06  2.7744E-06  2.7187E-06  2.7292E-06  2.7288E-06  2.7817E-06  2.7344E-06  2.7853E-06
       2.7478E-06  2.7832E-06  2.7518E-06  2.7464E-06  2.7184E-06  2.7727E-06  2.7350E-06  2.7708E-06  2.7484E-06  2.7430E-06
       2.7409E-06  2.7705E-06  2.7672E-06  2.7776E-06  2.7886E-06  2.8004E-06  2.8142E-06  2.7869E-06  2.8198E-06  2.8043E-06
       2.8046E-06  2.7731E-06  2.7907E-06  2.7755E-06  2.7852E-06  2.8153E-06  2.7822E-06  2.7998E-06  2.8587E-06  2.8447E-06
       2.8326E-06  2.8246E-06  2.8078E-06  2.8214E-06  2.8314E-06  2.8132E-06  2.8056E-06  2.8397E-06  2.8150E-06  2.8122E-06
       2.8026E-06  2.8156E-06  2.8454E-06  2.8120E-06  2.7961E-06  2.8211E-06  2.8293E-06  2.8153E-06  2.8740E-06  2.8204E-06
       2.8211E-06  2.8407E-06  2.8450E-06  2.8448E-06  2.8393E-06  2.8241E-06  2.8345E-06  2.8945E-06  2.9081E-06  2.8665E-06
       2.8892E-06  2.9066E-06  2.9533E-06  2.8787E-06  2.8468E-06  2.8795E-06  2.8579E-06  2.8596E-06  2.8671E-06  2.8526E-06
       2.8775E-06  2.8707E-06  2.8792E-06  2.8922E-06  2.8805E-06  2.8817E-06  2.8805E-06  2.9026E-06  2.8882E-06  2.8894E-06
       2.9041E-06  2.9144E-06  2.9369E-06  2.9271E-06  2.8872E-06  2.8961E-06  2.9339E-06  2.9383E-06  2.9297E-06  2.9354E-06
       2.9321E-06  2.9167E-06  2.9252E-06  2.8944E-06  2.9097E-06  2.8950E-06  2.8731E-06  2.8982E-06  2.9307E-06  2.9331E-06
       2.9404E-06  2.9444E-06  2.9378E-06  2.9225E-06  2.9238E-06  2.9484E-06  2.9219E-06  2.9429E-06  2.9460E-06  2.9239E-06
       2.9574E-06  2.9829E-06  2.9742E-06  3.0031E-06  2.9466E-06  2.9581E-06  2.9311E-06  2.9763E-06  2.9555E-06  2.9432E-06
       2.9289E-06  2.9647E-06  2.9935E-06  2.9936E-06  2.9732E-06  3.0040E-06  3.0068E-06  2.9819E-06  2.9815E-06  2.9665E-06
       2.9906E-06  3.0107E-06  2.9676E-06  3.0216E-06  3.0276E-06  2.9770E-06  3.0366E-06  3.0124E-06  2.9948E-06  2.9839E-06
       2.9730E-06  2.9792E-06  2.9699E-06  2.9666E-06  2.9755E-06  2.9770E-06  2.9629E-06  2.9779E-06  2.9686E-06  3.0102E-06
       3.0168E-06  3.0118E-06  3.0333E-06  3.0600E-06  3.0814E-06  3.0761E-06  3.0563E-06  3.0503E-06  3.0278E-06  3.0105E-06
       3.0088E-06  3.0457E-06  3.0410E-06  3.0416E-06  3.0582E-06  3.0666E-06  3.0559E-06  3.0777E-06  3.0793E-06  3.0962E-06
       3.0390E-06  3.0545E-06  3.1119E-06  3.1003E-06  3.0831E-06  3.0746E-06  3.0953E-06  3.1149E-06  3.0737E-06  3.0896E-06
       3.0838E-06  3.0685E-06  3.0658E-06  3.0679E-06  3.1072E-06  3.1284E-06  3.0730E-06  3.1079E-06  3.1367E-06  3.0908E-06
       3.1017E-06  3.1099E-06  3.1308E-06  3.1665E-06  3.1519E-06  3.1697E-06  3.1536E-06  3.1926E-06  3.1568E-06  3.1819E-06
       3.1371E-06  3.1332E-06  3.1630E-06  3.1557E-06  3.1454E-06  3.1320E-06  3.1498E-06  3.1588E-06  3.1914E-06  3.1721E-06
       3.1724E-06  3.1418E-06  3.1594E-06  3.1515E-06  3.1680E-06  3.2007E-06  3.1735E-06  3.2038E-06  3.1776E-06  3.1640E-06
       3.1939E-06  3.2042E-06  3.2220E-06  3.2671E-06  3.1961E-06  3.1899E-06  3.2584E-06  3.2445E-06  3.2127E-06  3.1843E-06
       3.2552E-06  3.2050E-06  3.2695E-06  3.2393E-06  3.2550E-06  3.2653E-06  3.2428E-06  3.2816E-06  3.2855E-06  3.3004E-06
       3.2536E-06  3.3086E-06  3.2874E-06  3.2582E-06  3.2930E-06  3.2724E-06  3.3037E-06  3.3434E-06  3.3190E-06  3.3509E-06
       3.3279E-06  3.3201E-06  3.3488E-06  3.3260E-06  3.3017E-06  3.3079E-06  3.2718E-06  3.3001E-06  3.3141E-06  3.3105E-06
       3.3233E-06  3.2980E-06  3.3531E-06  3.3332E-06  3.3016E-06  3.3357E-06  3.3402E-06  3.3511E-06  3.3685E-06  3.3560E-06
       3.3346E-06  3.3662E-06  3.3795E-06  3.3680E-06  3.3610E-06  3.3568E-06  3.3823E-06  3.3659E-06  3.3791E-06  3.3972E-06
       3.3978E-06  3.4078E-06  3.4286E-06  3.4192E-06  3.4298E-06  3.3714E-06  3.4754E-06  3.4163E-06  3.4594E-06  3.4561E-06
       3.4892E-06  3.4632E-06  3.4582E-06  3.4736E-06  3.4610E-06  3.4774E-06  3.4674E-06  3.4939E-06  3.4550E-06  3.4947E-06
       3.4737E-06  3.4714E-06  3.4856E-06  3.4719E-06  3.5072E-06  3.4874E-06  3.5327E-06  3.4844E-06  3.4937E-06  3.5070E-06
       3.5339E-06  3.5043E-06  3.5637E-06  3.5741E-06  3.5573E-06  3.5193E-06  3.5168E-06  3.5031E-06  3.5388E-06  3.5450E-06
       3.5175E-06  3.5623E-06  3.5625E-06  3.5554E-06  3.5963E-06  3.5782E-06  3.6058E-06  3.6161E-06  3.6478E-06  3.6193E-06
       3.6537E-06  3.6329E-06  3.6606E-06  3.6583E-06  3.6451E-06  3.6805E-06  3.6381E-06  3.6762E-06  3.6901E-06  3.6785E-06
       3.7209E-06  3.7241E-06  3.7120E-06  3.7247E-06  3.7297E-06  3.7519E-06  3.7932E-06  3.7696E-06  3.7676E-06  3.7907E-06
       3.8047E-06  3.7549E-06  3.7688E-06  3.7784E-06  3.7751E-06  3.8583E-06  3.8330E-06  3.8328E-06  3.8387E-06  3.8908E-06
       3.8918E-06  3.8750E-06  3.9143E-06  3.9214E-06  3.9370E-06  3.9080E-06  3.9755E-06  3.9530E-06  3.9447E-06  3.9953E-06
       4.0081E-06  4.0041E-06  4.0212E-06  4.0604E-06  4.0595E-06  4.0650E-06  4.0938E-06  4.1090E-06  4.1071E-06  4.1311E-06
       4.1401E-06  4.1531E-06  4.1760E-06  4.1809E-06  4.1909E-06  4.2235E-06  4.2232E-06  4.2129E-06  4.2283E-06  4.2280E-06
       4.2230E-06  4.2228E-06  4.1930E-06  4.2093E-06  4.2137E-06  4.2105E-06  4.2233E-06  4.2168E-06  4.2523E-06  4.2414E-06
       4.2125E-06  4.2231E-06  4.2303E-06  4.2317E-06  4.2323E-06  4.2188E-06  4.2214E-06  4.2283E-06  4.2043E-06  4.1976E-06
       4.2192E-06  4.2104E-06  4.2115E-06  4.1804E-06  4.1913E-06  4.1704E-06  4.1532E-06  4.1817E-06  4.1695E-06  4.1805E-06
       4.1626E-06  4.1721E-06  4.1782E-06  4.1701E-06  4.1710E-06  4.1757E-06  4.1881E-06  4.2006E-06  4.1959E-06  4.2070E-06
       4.2163E-06  4.1896E-06  4.1797E-06  4.1800E-06  4.1884E-06  4.1918E-06  4.1751E-06  4.1731E-06  4.1719E-06  4.1684E-06
       4.1789E-06  4.1474E-06  4.1763E-06  4.1629E-06  4.1456E-06  4.1449E-06  4.1379E-06  4.1539E-06  4.1557E-06  4.1746E-06
       4.1709E-06  4.1785E-06  4.1571E-06  4.1664E-06  4.1924E-06  4.1762E-06  4.1575E-06  4.1621E-06  4.1848E-06  4.1829E-06
       4.1557E-06  4.1331E-06  4.1530E-06  4.1528E-06  4.1350E-06  4.1171E-06  4.1354E-06  4.1455E-06  4.1286E-06  4.1194E-06
       4.1443E-06  4.1497E-06  4.1251E-06  4.1387E-06  4.1297E-06  4.1207E-06  4.0984E-06  4.1107E-06  4.1367E-06  4.0954E-06
       4.1101E-06  4.1158E-06  4.1269E-06  4.1218E-06  4.1243E-06  4.1177E-06  4.1433E-06  4.1077E-06  4.1173E-06  4.1283E-06
       4.1297E-06  4.1174E-06  4.1193E-06  4.1039E-06  4.1228E-06  4.1390E-06  4.1296E-06  4.0985E-06  4.1251E-06  4.1188E-06
       4.1172E-06  4.1217E-06  4.1267E-06  4.1133E-06  4.1150E-06  4.1114E-06  4.1119E-06  4.1170E-06  4.0919E-06  4.0970E-06
       4.1123E-06  4.1089E-06  4.0787E-06  4.0934E-06  4.0898E-06  4.0942E-06  4.0793E-06  4.0753E-06  4.0923E-06  4.0938E-06
       4.0924E-06  4.0877E-06  4.0945E-06  4.0891E-06  4.0979E-06  4.0531E-06  4.0956E-06  4.1087E-06  4.0837E-06  4.0647E-06
       4.0943E-06  4.0718E-06  4.0722E-06  4.0749E-06  4.0874E-06  4.0797E-06  4.0774E-06  4.0695E-06  4.0868E-06  4.0995E-06
       4.0985E-06  4.0635E-06  4.0876E-06  4.0697E-06  4.0904E-06  4.0807E-06  4.0832E-06  4.0896E-06  4.1129E-06  4.0639E-06
       4.0702E-06  4.0770E-06  4.0720E-06  4.0801E-06  4.0946E-06  4.0988E-06  4.0762E-06  4.0691E-06  4.0791E-06  4.0805E-06
       4.0670E-06  4.0642E-06  4.0926E-06  4.1122E-06  4.1221E-06  4.0915E-06  4.1092E-06  4.1111E-06  4.0804E-06  4.0776E-06
       4.0999E-06  4.1269E-06  4.1118E-06  4.1059E-06  4.1281E-06  4.1409E-06  4.1464E-06  4.1105E-06  4.1360E-06  4.1447E-06
       4.1503E-06  4.1296E-06  4.1534E-06  4.1620E-06  4.1711E-06  4.1501E-06  4.1667E-06  4.1924E-06  4.1591E-06  4.1675E-06
       4.1891E-06  4.1790E-06  4.1903E-06  4.1545E-06  4.2022E-06  4.2082E-06  4.1971E-06  4.1955E-06  4.2223E-06  4.2296E-06
       4.2304E-06  4.2069E-06  4.2332E-06  4.2124E-06  4.1979E-06  4.1887E-06  4.2313E-06  4.2275E-06  4.2002E-06  4.1588E-06
       4.1829E-06  4.1564E-06  4.1256E-06  4.0769E-06  4.0658E-06  4.0138E-06  3.9628E-06  3.8940E-06  3.8275E-06  3.7439E-06
       3.6506E-06  3.4917E-06  3.4155E-06  3.2796E-06  3.1301E-06  2.9597E-06  2.8122E-06  2.6165E-06  2.4437E-06  2.2599E-06
       2.0661E-06  1.8916E-06  1.7085E-06  1.5251E-06  1.3719E-06  1.1801E-06  1.0252E-06  8.8981E-07  7.5110E-07  6.4172E-07
       5.3181E-07  4.4191E-07  3.4624E-07  2.8331E-07  2.2308E-07  1.7505E-07  1.4210E-07  1.0579E-07  8.2265E-08  7.3904E-08
       5.6650E-08  4.7475E-08  3.9330E-08  3.8565E-08  3.7994E-08  3.5084E-08  2.5559E-08  1.9761E-08  2.2307E-08  2.8210E-08
       3.3449E-08  2.2209E-08  1.9478E-08  2.0040E-08  3.3002E-08  2.0084E-08  1.3548E-08  1.7704E-08  2.9399E-08  1.8952E-08
       1.9922E-08  1.7787E-08  2.0608E-08  2.4536E-08  3.4379E-08  2.6963E-08  2.8086E-08  1.7484E-08  2.7143E-08  2.8348E-08
       3.8464E-08  1.9453E-08  3.1197E-08  2.0427E-08  2.0500E-08  2.2090E-08  2.4820E-08  2.7072E-08  3.2596E-08  3.6547E-08
       3.2171E-08  2.8724E-08  2.1198E-08  1.5030E-08  1.8566E-08  1.5030E-08  2.2407E-08  1.6191E-08  1.6651E-08  2.8249E-08
       2.5300E-08  2.9135E-08  2.5360E-08  1.8237E-08  2.4848E-08  1.7337E-08  2.1117E-08  2.3069E-08  1.6840E-08  2.3524E-08
       1.4060E-08  2.6315E-08  2.6495E-08  1.3264E-08  1.4472E-08  2.7590E-08  2.8329E-08  2.5323E-08  2.1338E-08  2.0078E-08
       1.5808E-08  1.6897E-08  1.9826E-08  1.6503E-08  1.7796E-08  2.3446E-08  2.2503E-08  2.1503E-08  2.0507E-08  1.8892E-08
       2.0286E-08  1.3551E-08  2.0020E-08  1.7940E-08  2.3679E-08  1.9438E-08  1.8330E-08  2.8416E-08  1.8452E-08  1.6071E-08
       2.9221E-08  1.6708E-08  1.7054E-08  1.1418E-08  1.5060E-08  1.3420E-08  1.9277E-08  2.6340E-08  1.5097E-08  1.3471E-08
       1.6778E-08  1.8975E-08  1.5624E-08  1.2536E-08  1.0155E-08  1.0130E-08  1.3657E-08  1.2109E-08  1.5335E-08  1.4505E-08
       1.4286E-08  1.8987E-08  1.4901E-08  1.4792E-08  1.3081E-08  1.3141E-08  1.5723E-08  1.4471E-08  1.7521E-08  2.2905E-08
       2.1755E-08  2.4741E-08  2.6596E-08  2.0058E-08  1.7859E-08  1.4354E-08  1.1451E-08  9.5348E-09  2.2343E-08  1.9097E-08
       1.3438E-08  1.1617E-08  1.9893E-08  1.2631E-08  1.2991E-08  1.4501E-08  2.2118E-08  1.8430E-08  1.7944E-08  1.8694E-08
       1.8580E-08  2.2774E-08  1.4377E-08  1.7633E-08  1.6699E-08  1.5665E-08  1.7747E-08  2.3041E-08  2.0069E-08  1.4624E-08
       1.1369E-08  1.6469E-08  1.8249E-08  1.6297E-08  1.3688E-08  1.7971E-08  2.2208E-08  2.1167E-08  1.7585E-08  1.5159E-08
