
 *****                                                                                    *****

           DATE:  3/28/22,  TIME: 20:37:04

          Total number of particles followed         100000, for a total weight of  1.0000E+05

1
   Cartesian binning n.   1  "E1        " , generalized particle n.  208
      X coordinate: from -2.5000E+01 to  2.5000E+01 cm,     1 bins ( 5.0000E+01 cm wide)
      Y coordinate: from -2.5000E+01 to  2.5000E+01 cm,     1 bins ( 5.0000E+01 cm wide)
      Z coordinate: from  0.0000E+00 to  5.0000E+00 cm,  1000 bins ( 5.0000E-03 cm wide)
      Data follow in a matrix A(ix,iy,iz), format (1(5x,1p,10(1x,e11.4)))

      accurate deposition along the tracks requested
       5.1905E-06  5.2148E-06  5.2195E-06  5.2429E-06  5.2383E-06  5.2568E-06  5.2657E-06  5.2695E-06  5.2949E-06  5.2792E-06
       5.2851E-06  5.3132E-06  5.3364E-06  5.3140E-06  5.3663E-06  5.3314E-06  5.3278E-06  5.3539E-06  5.3315E-06  5.3529E-06
       5.3545E-06  5.3924E-06  5.3658E-06  5.3798E-06  5.4446E-06  5.3968E-06  5.4668E-06  5.4516E-06  5.4245E-06  5.4224E-06
       5.4405E-06  5.4666E-06  5.4725E-06  5.4891E-06  5.5064E-06  5.4963E-06  5.4832E-06  5.5379E-06  5.5127E-06  5.5318E-06
       5.5227E-06  5.5337E-06  5.5313E-06  5.5341E-06  5.5888E-06  5.5694E-06  5.5907E-06  5.6025E-06  5.5744E-06  5.5932E-06
       5.6270E-06  5.6010E-06  5.6044E-06  5.6231E-06  5.6642E-06  5.6527E-06  5.6484E-06  5.6365E-06  5.6627E-06  5.6731E-06
       5.6940E-06  5.7138E-06  5.6707E-06  5.6862E-06  5.7205E-06  5.7115E-06  5.7280E-06  5.7160E-06  5.7358E-06  5.7504E-06
       5.7424E-06  5.7487E-06  5.7590E-06  5.8012E-06  5.8137E-06  5.8162E-06  5.8479E-06  5.8421E-06  5.8261E-06  5.8498E-06
       5.8443E-06  5.8569E-06  5.8714E-06  5.8673E-06  5.8825E-06  5.9393E-06  5.9383E-06  5.9356E-06  5.9241E-06  5.9456E-06
       5.9495E-06  6.0166E-06  5.9746E-06  5.9605E-06  6.0045E-06  5.9871E-06  6.0117E-06  6.0621E-06  6.0278E-06  6.0787E-06
       6.0335E-06  6.0435E-06  6.0548E-06  6.0820E-06  6.1064E-06  6.1233E-06  6.1486E-06  6.1129E-06  6.1501E-06  6.1627E-06
       6.1831E-06  6.1999E-06  6.1630E-06  6.2180E-06  6.2184E-06  6.2447E-06  6.2422E-06  6.2379E-06  6.2449E-06  6.2475E-06
       6.3145E-06  6.3588E-06  6.3254E-06  6.3750E-06  6.3927E-06  6.3763E-06  6.4126E-06  6.4054E-06  6.4162E-06  6.4206E-06
       6.4534E-06  6.4605E-06  6.4868E-06  6.4961E-06  6.5265E-06  6.5213E-06  6.5534E-06  6.6044E-06  6.5993E-06  6.6154E-06
       6.6465E-06  6.7165E-06  6.6808E-06  6.7213E-06  6.7316E-06  6.7741E-06  6.7994E-06  6.8423E-06  6.8877E-06  6.9080E-06
       6.9845E-06  7.0424E-06  7.0923E-06  7.0495E-06  7.0368E-06  6.9566E-06  6.9463E-06  6.9641E-06  7.0109E-06  7.0873E-06
       7.1550E-06  7.2361E-06  7.2781E-06  7.3155E-06  7.2618E-06  7.1470E-06  7.0737E-06  6.9792E-06  6.9747E-06  7.0086E-06
       7.0238E-06  7.0782E-06  7.1783E-06  7.2394E-06  7.2777E-06  7.2584E-06  7.2071E-06  7.0848E-06  7.0265E-06  7.0023E-06
       7.0325E-06  7.0893E-06  7.0878E-06  7.1808E-06  7.2089E-06  7.2435E-06  7.2526E-06  7.1828E-06  7.0940E-06  7.0286E-06
       7.0251E-06  7.0371E-06  7.0452E-06  7.1044E-06  7.1405E-06  7.1946E-06  7.2435E-06  7.2114E-06  7.1734E-06  7.1505E-06
       7.0751E-06  7.0074E-06  7.0539E-06  7.0349E-06  7.1363E-06  7.1419E-06  7.1980E-06  7.1808E-06  7.1937E-06  7.2089E-06
       7.1395E-06  7.1299E-06  7.0699E-06  7.0419E-06  7.0480E-06  7.0648E-06  7.1769E-06  7.2065E-06  7.2566E-06  7.2749E-06
       7.2729E-06  7.2097E-06  7.1286E-06  7.0893E-06  7.0482E-06  7.0387E-06  7.0812E-06  7.1385E-06  7.2109E-06  7.2345E-06
       7.2641E-06  7.2611E-06  7.1937E-06  7.1367E-06  7.0898E-06  7.0674E-06  7.0454E-06  7.0738E-06  7.0987E-06  7.1406E-06
       7.1999E-06  7.2226E-06  7.2042E-06  7.1791E-06  7.1803E-06  7.1204E-06  7.0884E-06  7.0958E-06  7.0594E-06  7.0727E-06
       7.1484E-06  7.1610E-06  7.2139E-06  7.2168E-06  7.2219E-06  7.1972E-06  7.1163E-06  7.0827E-06  7.0435E-06  7.0540E-06
       7.0707E-06  7.1160E-06  7.1746E-06  7.1737E-06  7.1662E-06  7.1739E-06  7.1597E-06  7.1354E-06  7.1085E-06  7.0762E-06
       7.0791E-06  7.0997E-06  7.1251E-06  7.1416E-06  7.1888E-06  7.1875E-06  7.2224E-06  7.2031E-06  7.1230E-06  7.1221E-06
       7.1017E-06  7.0835E-06  7.0629E-06  7.0710E-06  7.0868E-06  7.1276E-06  7.1551E-06  7.1693E-06  7.1612E-06  7.1669E-06
       7.1399E-06  7.0909E-06  7.1035E-06  7.0775E-06  7.0771E-06  7.0975E-06  7.1304E-06  7.1728E-06  7.1727E-06  7.1915E-06
       7.1945E-06  7.1450E-06  7.1240E-06  7.1229E-06  7.1298E-06  7.1195E-06  7.1482E-06  7.1529E-06  7.1719E-06  7.1483E-06
       7.1869E-06  7.1769E-06  7.1687E-06  7.1260E-06  7.0854E-06  7.1027E-06  7.1050E-06  7.1069E-06  7.1411E-06  7.1543E-06
       7.1657E-06  7.1876E-06  7.2350E-06  7.2186E-06  7.1693E-06  7.1145E-06  7.1079E-06  7.0758E-06  7.1044E-06  7.1010E-06
       7.1651E-06  7.1508E-06  7.1562E-06  7.1589E-06  7.1555E-06  7.1345E-06  7.1268E-06  7.0817E-06  7.0893E-06  7.1396E-06
       7.1432E-06  7.1600E-06  7.1527E-06  7.1574E-06  7.1818E-06  7.1638E-06  7.1466E-06  7.1492E-06  7.1099E-06  7.1161E-06
       7.0976E-06  7.1041E-06  7.1084E-06  7.1427E-06  7.1370E-06  7.1526E-06  7.1899E-06  7.1556E-06  7.1430E-06  7.1458E-06
       7.1245E-06  7.1585E-06  7.1260E-06  7.1010E-06  7.1491E-06  7.1850E-06  7.1873E-06  7.1909E-06  7.1523E-06  7.1434E-06
       7.1348E-06  7.0943E-06  7.0920E-06  7.0758E-06  7.0771E-06  7.0989E-06  7.1006E-06  7.1102E-06  7.1190E-06  7.1203E-06
       7.1296E-06  7.1299E-06  7.1339E-06  7.0866E-06  7.0752E-06  7.0931E-06  7.0525E-06  7.0857E-06  7.0723E-06  7.0916E-06
       7.1216E-06  7.1090E-06  7.1661E-06  7.1420E-06  7.1419E-06  7.1265E-06  7.1288E-06  7.1358E-06  7.1370E-06  7.1522E-06
       7.1542E-06  7.1437E-06  7.1796E-06  7.1510E-06  7.1464E-06  7.1245E-06  7.1239E-06  7.1137E-06  7.0864E-06  7.1276E-06
       7.1368E-06  7.1210E-06  7.1575E-06  7.1490E-06  7.1094E-06  7.1142E-06  7.0967E-06  7.0663E-06  7.1339E-06  7.1071E-06
       7.1090E-06  7.1292E-06  7.1324E-06  7.1410E-06  7.1251E-06  7.1359E-06  7.1315E-06  7.1349E-06  7.1021E-06  7.1243E-06
       7.1422E-06  7.1307E-06  7.1109E-06  7.1469E-06  7.1429E-06  7.1316E-06  7.1343E-06  7.1223E-06  7.1094E-06  7.1037E-06
       7.1117E-06  7.1205E-06  7.1304E-06  7.1182E-06  7.1181E-06  7.1356E-06  7.1303E-06  7.1394E-06  7.1121E-06  7.1239E-06
       7.1240E-06  7.1079E-06  7.0693E-06  7.0879E-06  7.0622E-06  7.0609E-06  7.0714E-06  7.0958E-06  7.1243E-06  7.1118E-06
       7.1338E-06  7.1302E-06  7.1586E-06  7.1516E-06  7.1471E-06  7.1500E-06  7.1744E-06  7.1448E-06  7.1240E-06  7.1336E-06
       7.1654E-06  7.1420E-06  7.1579E-06  7.1322E-06  7.1323E-06  7.1288E-06  7.0974E-06  7.1109E-06  7.1335E-06  7.1221E-06
       7.1358E-06  7.1287E-06  7.1379E-06  7.1196E-06  7.1147E-06  7.0954E-06  7.0978E-06  7.1238E-06  7.1101E-06  7.1203E-06
       7.1348E-06  7.1556E-06  7.1495E-06  7.1428E-06  7.1341E-06  7.1831E-06  7.1064E-06  7.1247E-06  7.1177E-06  7.1196E-06
       7.1613E-06  7.1067E-06  7.1122E-06  7.0983E-06  7.1240E-06  7.1426E-06  7.1270E-06  7.1426E-06  7.1202E-06  7.1250E-06
       7.1512E-06  7.1342E-06  7.1349E-06  7.1554E-06  7.1592E-06  7.1626E-06  7.1647E-06  7.1692E-06  7.2071E-06  7.1874E-06
       7.2010E-06  7.1915E-06  7.1682E-06  7.1714E-06  7.1634E-06  7.1730E-06  7.2190E-06  7.2142E-06  7.2161E-06  7.1831E-06
       7.1689E-06  7.2142E-06  7.2150E-06  7.2237E-06  7.2093E-06  7.2211E-06  7.2240E-06  7.2052E-06  7.1740E-06  7.2012E-06
       7.2245E-06  7.2247E-06  7.2117E-06  7.1958E-06  7.2131E-06  7.2075E-06  7.1734E-06  7.1733E-06  7.1806E-06  7.1911E-06
       7.2274E-06  7.2020E-06  7.2158E-06  7.2033E-06  7.1814E-06  7.2047E-06  7.1625E-06  7.1998E-06  7.1956E-06  7.1868E-06
       7.1806E-06  7.2153E-06  7.2160E-06  7.2033E-06  7.2157E-06  7.1967E-06  7.2251E-06  7.2146E-06  7.2331E-06  7.2219E-06
       7.1967E-06  7.2061E-06  7.2038E-06  7.2309E-06  7.2119E-06  7.2248E-06  7.2126E-06  7.2101E-06  7.2014E-06  7.1755E-06
       7.2131E-06  7.1787E-06  7.1897E-06  7.1847E-06  7.1819E-06  7.1694E-06  7.1216E-06  7.1008E-06  7.1307E-06  7.1010E-06
       7.1073E-06  7.0557E-06  7.0207E-06  6.9238E-06  6.8428E-06  6.7764E-06  6.6881E-06  6.6430E-06  6.5026E-06  6.3809E-06
       6.2189E-06  6.0289E-06  5.8006E-06  5.5546E-06  5.3231E-06  5.0245E-06  4.7338E-06  4.4321E-06  4.0713E-06  3.6929E-06
       3.2752E-06  2.9495E-06  2.5917E-06  2.2335E-06  1.9078E-06  1.5706E-06  1.2770E-06  1.0369E-06  7.7706E-07  6.2815E-07
       4.8069E-07  3.5792E-07  2.4978E-07  1.6766E-07  1.0403E-07  7.4130E-08  4.7076E-08  3.3388E-08  2.0378E-08  1.0838E-08
       7.7662E-09  5.9368E-09  2.3551E-09  3.0276E-09  2.8077E-09  2.4085E-09  4.3213E-09  1.1388E-09  1.4393E-09  1.6539E-09
       2.5595E-09  1.8241E-09  3.1703E-09  1.5012E-09  2.2157E-09  1.4603E-09  1.5162E-09  2.6903E-09  2.1004E-09  3.3061E-09
       2.4206E-09  2.4748E-09  1.6068E-09  1.5739E-09  1.6574E-09  2.5253E-09  3.2534E-09  1.8901E-09  2.1064E-09  2.2521E-09
       2.8214E-09  4.3122E-09  1.3319E-09  8.6669E-10  1.5493E-09  2.1102E-09  2.2164E-09  1.2577E-09  1.9603E-09  2.1722E-09
       1.1254E-09  7.8920E-10  9.7566E-10  1.7066E-09  2.2936E-09  5.6999E-09  1.9498E-09  2.3510E-09  1.1303E-09  1.0414E-09
       3.0621E-09  1.9241E-09  1.1797E-09  9.1302E-10  2.3672E-09  1.4810E-09  1.5074E-09  1.4935E-09  1.2880E-09  1.7966E-09
       2.7403E-09  1.0708E-09  8.4493E-10  1.3929E-09  8.6133E-10  1.0659E-09  3.5164E-09  1.5389E-09  2.2071E-09  1.2107E-09
       2.2597E-09  2.9085E-09  3.1847E-09  4.3162E-09  3.5146E-09  1.4700E-09  1.9198E-09  1.7684E-09  2.4976E-09  1.5783E-09
       1.5013E-09  1.4228E-09  1.3495E-09  3.4869E-09  2.3537E-09  3.2746E-09  1.8748E-09  3.1488E-09  2.2586E-09  1.5668E-09
       1.3964E-09  1.6039E-09  2.6371E-09  9.7176E-10  1.0498E-09  9.9052E-10  1.2980E-09  1.1211E-09  1.5054E-09  9.7702E-10
       2.1157E-09  8.9924E-10  9.7369E-10  9.7895E-10  8.9998E-09  3.6650E-09  9.2961E-10  1.0593E-09  4.1304E-09  2.3911E-09
       3.5307E-09  2.9627E-09  3.5212E-09  2.0220E-09  1.2635E-09  1.6031E-09  1.5629E-09  1.0595E-09  9.3033E-10  1.4737E-09
       2.6716E-09  9.6556E-10  1.3541E-09  3.3171E-09  1.2921E-09  1.5285E-09  2.9880E-09  2.0135E-09  1.5389E-09  4.1370E-09
       2.0903E-09  1.1570E-09  1.3810E-09  1.5381E-09  1.5869E-09  2.1996E-09  2.9364E-09  5.2193E-09  1.2745E-09  1.8838E-09
       1.8917E-09  6.1452E-09  2.0457E-09  1.9561E-09  1.7471E-09  2.0880E-09  3.5908E-09  4.8948E-09  1.7489E-09  1.9771E-09
       2.0611E-09  2.2864E-09  2.7518E-09  3.2431E-09  4.1977E-09  2.4018E-09  2.8132E-09  2.7806E-09  2.5317E-09  3.2287E-09
       2.3796E-09  2.5584E-09  3.6044E-09  2.8159E-09  2.8757E-09  3.8294E-09  2.4609E-09  3.6069E-09  5.6605E-09  4.3176E-09
       1.8516E-09  1.2347E-09  1.3331E-09  1.1593E-09  1.3330E-09  3.0262E-09  2.6925E-09  5.1625E-09  2.4568E-09  1.4139E-09
       1.0213E-09  3.2643E-09  1.0325E-09  1.4299E-09  2.3933E-09  4.4160E-09  2.2990E-09  2.2040E-09  2.7836E-09  4.3241E-09
       3.5560E-09  4.9666E-09  3.3671E-09  9.4206E-10  6.7905E-10  2.1912E-09  1.8860E-09  3.0294E-09  2.8635E-09  7.3119E-10
       1.9150E-09  1.7686E-09  3.0136E-09  1.2850E-09  7.2924E-10  1.9514E-09  1.5892E-09  3.9296E-09  3.9641E-09  1.8579E-09
       9.8252E-10  6.5404E-10  1.9506E-09  1.0924E-09  7.9757E-10  1.0314E-09  1.2588E-09  2.7930E-09  6.5265E-10  1.5628E-09
       1.8972E-09  6.7130E-10  5.7191E-10  9.2392E-10  6.6674E-10  7.3023E-10  2.9207E-09  5.7960E-10  8.0926E-10  2.5207E-09
       1.1641E-09  9.4941E-10  6.9766E-10  6.9842E-10  6.7603E-10  2.2330E-09  8.6050E-10  6.8125E-10  6.3104E-10  1.2366E-09
       1.2393E-09  4.7098E-10  6.0934E-10  1.2369E-09  2.1036E-09  1.2552E-09  1.1574E-09  1.2322E-09  1.1746E-09  7.5914E-10
       6.0651E-10  7.6053E-10  8.7548E-10  1.1151E-09  8.2895E-10  1.0057E-09  1.0658E-09  7.2765E-10  1.3058E-09  1.8711E-09
       1.4186E-09  1.8205E-09  8.1486E-10  8.2303E-10  6.5144E-09  1.9492E-09  1.2593E-09  3.9834E-09  2.2041E-09  3.3630E-09
       2.1001E-09  2.1661E-09  9.5014E-10  1.0580E-09  1.5825E-09  9.5112E-10  1.1425E-09  1.0794E-09  8.9540E-10  2.9285E-09
       2.0736E-09  2.2052E-09  2.1045E-09  2.2038E-09  2.0482E-09  2.5845E-09  1.7206E-09  2.0428E-09  3.0597E-09  2.8743E-09
       4.7745E-09  3.8005E-09  1.6596E-09  7.1691E-10  1.4395E-09  1.0106E-09  1.0886E-09  4.2196E-10  7.9306E-10  2.5527E-09
       2.2849E-09  3.4526E-09  5.8819E-10  1.1189E-09  9.4309E-10  2.0329E-09  9.8938E-10  8.4075E-10  7.2299E-10  8.9938E-10
       9.9105E-10  8.8292E-10  9.5790E-10  1.4767E-09  3.5505E-09  2.2971E-09  1.8743E-09  2.2538E-09  7.1061E-10  1.0450E-09
       1.1070E-09  2.0078E-09  8.1214E-10  1.0332E-09  2.9167E-09  1.3932E-09  1.5303E-09  1.8081E-09  1.4303E-09  1.1566E-09
       1.3310E-09  1.1348E-09  1.5755E-09  2.6155E-09  1.7724E-09  3.4583E-09  1.5946E-09  1.6231E-09  2.0888E-09  7.5468E-10
       1.1869E-09  1.0357E-09  9.6686E-10  7.3181E-10  2.5957E-09  1.5016E-09  1.3845E-09  1.6189E-09  1.7330E-09  2.1639E-09
       1.6714E-09  1.6246E-09  1.0451E-09  2.7982E-09  9.5621E-10  1.8907E-09  2.7252E-09  2.8621E-09  3.0877E-09  1.9232E-09
       1.1007E-09  8.5145E-10  2.9705E-09  2.5210E-09  2.0187E-09  1.5896E-09  1.0513E-09  1.6239E-09  1.0738E-09  1.0239E-09
