
 *****                                                                                    *****

           DATE:  3/28/22,  TIME: 20:39:35

          Total number of particles followed         100000, for a total weight of  1.0000E+05

1
   Cartesian binning n.   1  "E1        " , generalized particle n.  208
      X coordinate: from -2.5000E+01 to  2.5000E+01 cm,     1 bins ( 5.0000E+01 cm wide)
      Y coordinate: from -2.5000E+01 to  2.5000E+01 cm,     1 bins ( 5.0000E+01 cm wide)
      Z coordinate: from  0.0000E+00 to  5.0000E+00 cm,  1000 bins ( 5.0000E-03 cm wide)
      Data follow in a matrix A(ix,iy,iz), format (1(5x,1p,10(1x,e11.4)))

      accurate deposition along the tracks requested
       5.1956E-06  5.2116E-06  5.2290E-06  5.2376E-06  5.2541E-06  5.2823E-06  5.2595E-06  5.2497E-06  5.2426E-06  5.2600E-06
       5.3212E-06  5.3545E-06  5.3368E-06  5.3464E-06  5.3542E-06  5.3308E-06  5.3296E-06  5.3460E-06  5.3619E-06  5.3851E-06
       5.3618E-06  5.3728E-06  5.3707E-06  5.3934E-06  5.3956E-06  5.3793E-06  5.4016E-06  5.4307E-06  5.4223E-06  5.4155E-06
       5.4328E-06  5.4244E-06  5.4847E-06  5.4499E-06  5.4721E-06  5.4994E-06  5.5197E-06  5.5405E-06  5.5218E-06  5.5370E-06
       5.5654E-06  5.5560E-06  5.5382E-06  5.5874E-06  5.5323E-06  5.5406E-06  5.5612E-06  5.5639E-06  5.5962E-06  5.5909E-06
       5.5949E-06  5.6091E-06  5.6329E-06  5.6275E-06  5.6445E-06  5.6424E-06  5.6423E-06  5.6214E-06  5.6334E-06  5.6680E-06
       5.6715E-06  5.6545E-06  5.7003E-06  5.7515E-06  5.7096E-06  5.7355E-06  5.7052E-06  5.7540E-06  5.7335E-06  5.7548E-06
       5.7454E-06  5.7609E-06  5.7483E-06  5.7414E-06  5.7808E-06  5.7823E-06  5.7921E-06  5.7874E-06  5.7957E-06  5.8519E-06
       5.8580E-06  5.8358E-06  5.8478E-06  5.8873E-06  5.8637E-06  5.8800E-06  5.9137E-06  5.9409E-06  5.9301E-06  5.9208E-06
       5.9556E-06  5.9855E-06  5.9649E-06  5.9884E-06  5.9922E-06  6.0615E-06  6.0177E-06  6.0171E-06  6.0247E-06  6.0108E-06
       6.0691E-06  6.0303E-06  6.0676E-06  6.0840E-06  6.0992E-06  6.0848E-06  6.0757E-06  6.0957E-06  6.1170E-06  6.1214E-06
       6.1631E-06  6.1993E-06  6.1843E-06  6.1930E-06  6.2337E-06  6.1903E-06  6.2371E-06  6.2513E-06  6.2426E-06  6.2551E-06
       6.2776E-06  6.3306E-06  6.3058E-06  6.3289E-06  6.3437E-06  6.3623E-06  6.3559E-06  6.3720E-06  6.4314E-06  6.4236E-06
       6.4337E-06  6.4491E-06  6.4562E-06  6.4901E-06  6.4879E-06  6.5049E-06  6.5806E-06  6.5439E-06  6.5739E-06  6.6088E-06
       6.6631E-06  6.6593E-06  6.6808E-06  6.7016E-06  6.7104E-06  6.7488E-06  6.7822E-06  6.8098E-06  6.8700E-06  6.9141E-06
       6.9655E-06  7.0534E-06  7.0381E-06  7.0178E-06  6.9770E-06  6.9339E-06  6.9358E-06  6.9369E-06  6.9783E-06  7.0222E-06
       7.0979E-06  7.1803E-06  7.2283E-06  7.2580E-06  7.2452E-06  7.1590E-06  7.1023E-06  7.0240E-06  6.9934E-06  7.0245E-06
       7.0835E-06  7.1360E-06  7.1915E-06  7.2824E-06  7.2740E-06  7.2617E-06  7.2239E-06  7.0719E-06  7.0235E-06  6.9761E-06
       6.9754E-06  7.0343E-06  7.1250E-06  7.1659E-06  7.2351E-06  7.2985E-06  7.2918E-06  7.2059E-06  7.1025E-06  7.0660E-06
       7.0622E-06  7.0019E-06  7.0235E-06  7.1029E-06  7.1544E-06  7.1507E-06  7.2033E-06  7.2230E-06  7.1755E-06  7.1212E-06
       7.0691E-06  7.0367E-06  7.0196E-06  7.0387E-06  7.0852E-06  7.1188E-06  7.1798E-06  7.2556E-06  7.2599E-06  7.2502E-06
       7.1860E-06  7.1204E-06  7.1002E-06  7.0621E-06  7.0079E-06  7.0477E-06  7.0940E-06  7.1345E-06  7.1733E-06  7.2211E-06
       7.1823E-06  7.1632E-06  7.0949E-06  7.0640E-06  6.9963E-06  7.0280E-06  7.0367E-06  7.0916E-06  7.1441E-06  7.1573E-06
       7.1756E-06  7.1531E-06  7.2300E-06  7.1192E-06  7.0453E-06  7.0491E-06  7.0370E-06  7.0448E-06  7.0862E-06  7.1543E-06
       7.1646E-06  7.2024E-06  7.1820E-06  7.1426E-06  7.1392E-06  7.1065E-06  7.0913E-06  7.0338E-06  7.0515E-06  7.0559E-06
       7.1169E-06  7.1627E-06  7.2044E-06  7.2187E-06  7.1838E-06  7.1272E-06  7.1036E-06  7.0779E-06  7.0564E-06  7.0448E-06
       7.0927E-06  7.0800E-06  7.1303E-06  7.1611E-06  7.1689E-06  7.1662E-06  7.1756E-06  7.1055E-06  7.0789E-06  7.0405E-06
       7.0538E-06  7.0506E-06  7.0971E-06  7.1118E-06  7.1688E-06  7.1592E-06  7.1313E-06  7.1402E-06  7.1171E-06  7.1124E-06
       7.0858E-06  7.0685E-06  7.0704E-06  7.1274E-06  7.1352E-06  7.1738E-06  7.1407E-06  7.1593E-06  7.1405E-06  7.1387E-06
       7.1809E-06  7.0954E-06  7.0937E-06  7.1336E-06  7.1504E-06  7.1494E-06  7.1748E-06  7.1954E-06  7.2032E-06  7.1828E-06
       7.1693E-06  7.1419E-06  7.1631E-06  7.1097E-06  7.0947E-06  7.1072E-06  7.0930E-06  7.1170E-06  7.1411E-06  7.1761E-06
       7.1977E-06  7.1551E-06  7.1720E-06  7.1412E-06  7.1209E-06  7.0846E-06  7.1405E-06  7.1492E-06  7.1627E-06  7.1611E-06
       7.2062E-06  7.2044E-06  7.2067E-06  7.1786E-06  7.1377E-06  7.1122E-06  7.1074E-06  7.1298E-06  7.1227E-06  7.1367E-06
       7.1539E-06  7.1737E-06  7.1827E-06  7.1771E-06  7.1799E-06  7.1477E-06  7.1718E-06  7.1329E-06  7.1467E-06  7.1797E-06
       7.1607E-06  7.1734E-06  7.1912E-06  7.1849E-06  7.1968E-06  7.2040E-06  7.1718E-06  7.1575E-06  7.1090E-06  7.1293E-06
       7.1306E-06  7.1121E-06  7.1061E-06  7.1284E-06  7.1657E-06  7.1769E-06  7.1737E-06  7.1431E-06  7.1547E-06  7.1518E-06
       7.1524E-06  7.0845E-06  7.1202E-06  7.1435E-06  7.1648E-06  7.1529E-06  7.1879E-06  7.1456E-06  7.1571E-06  7.1563E-06
       7.1642E-06  7.1408E-06  7.1251E-06  7.1260E-06  7.1603E-06  7.1516E-06  7.1741E-06  7.1696E-06  7.1625E-06  7.1685E-06
       7.1767E-06  7.1623E-06  7.1170E-06  7.0837E-06  7.1058E-06  7.1244E-06  7.1384E-06  7.1033E-06  7.1038E-06  7.1422E-06
       7.1662E-06  7.1622E-06  7.1653E-06  7.1416E-06  7.1508E-06  7.1397E-06  7.1625E-06  7.1678E-06  7.1488E-06  7.1210E-06
       7.1871E-06  7.1988E-06  7.1997E-06  7.1614E-06  7.1690E-06  7.1425E-06  7.1434E-06  7.1292E-06  7.1367E-06  7.1404E-06
       7.1752E-06  7.1910E-06  7.1759E-06  7.1731E-06  7.2082E-06  7.1689E-06  7.2082E-06  7.1970E-06  7.1409E-06  7.1493E-06
       7.1553E-06  7.1592E-06  7.1362E-06  7.1415E-06  7.1726E-06  7.1541E-06  7.1234E-06  7.1406E-06  7.1296E-06  7.1433E-06
       7.1229E-06  7.1394E-06  7.1413E-06  7.1638E-06  7.1627E-06  7.1892E-06  7.1466E-06  7.1455E-06  7.1525E-06  7.1657E-06
       7.1701E-06  7.1727E-06  7.1156E-06  7.1626E-06  7.1762E-06  7.1538E-06  7.1553E-06  7.1451E-06  7.1469E-06  7.1422E-06
       7.1801E-06  7.1557E-06  7.1089E-06  7.1278E-06  7.1658E-06  7.1679E-06  7.1703E-06  7.1622E-06  7.1723E-06  7.1775E-06
       7.1726E-06  7.1910E-06  7.1638E-06  7.1554E-06  7.1467E-06  7.1351E-06  7.1138E-06  7.1309E-06  7.1389E-06  7.1176E-06
       7.1383E-06  7.1558E-06  7.1679E-06  7.1657E-06  7.1469E-06  7.1491E-06  7.1431E-06  7.1393E-06  7.1215E-06  7.1171E-06
       7.1477E-06  7.1278E-06  7.1407E-06  7.1444E-06  7.1158E-06  7.1117E-06  7.0999E-06  7.1075E-06  7.1187E-06  7.1246E-06
       7.0941E-06  7.1014E-06  7.1461E-06  7.1543E-06  7.1257E-06  7.0973E-06  7.1005E-06  7.1181E-06  7.1441E-06  7.1382E-06
       7.1572E-06  7.1816E-06  7.2045E-06  7.2305E-06  7.2111E-06  7.1925E-06  7.1985E-06  7.2218E-06  7.1718E-06  7.1878E-06
       7.1718E-06  7.1820E-06  7.1865E-06  7.2036E-06  7.2173E-06  7.2230E-06  7.2136E-06  7.2163E-06  7.2135E-06  7.1945E-06
       7.2198E-06  7.2035E-06  7.1624E-06  7.1817E-06  7.1254E-06  7.1385E-06  7.1832E-06  7.2077E-06  7.1779E-06  7.1888E-06
       7.1906E-06  7.1986E-06  7.2238E-06  7.1901E-06  7.1812E-06  7.2104E-06  7.2308E-06  7.2253E-06  7.1888E-06  7.2178E-06
       7.2319E-06  7.2492E-06  7.2264E-06  7.2118E-06  7.2266E-06  7.2215E-06  7.2364E-06  7.2279E-06  7.2235E-06  7.2196E-06
       7.2590E-06  7.2546E-06  7.2524E-06  7.1893E-06  7.2177E-06  7.2121E-06  7.2198E-06  7.2109E-06  7.1974E-06  7.2120E-06
       7.2486E-06  7.3236E-06  7.2865E-06  7.2954E-06  7.2960E-06  7.2658E-06  7.2281E-06  7.2353E-06  7.2421E-06  7.2365E-06
       7.2557E-06  7.2566E-06  7.2845E-06  7.2788E-06  7.2543E-06  7.2179E-06  7.2258E-06  7.2245E-06  7.2179E-06  7.1901E-06
       7.1824E-06  7.2293E-06  7.1953E-06  7.2164E-06  7.2152E-06  7.2253E-06  7.1815E-06  7.1522E-06  7.1471E-06  7.1353E-06
       7.1340E-06  7.1095E-06  7.0341E-06  6.9218E-06  6.8441E-06  6.7883E-06  6.6886E-06  6.5993E-06  6.4600E-06  6.3405E-06
       6.2154E-06  6.0374E-06  5.8070E-06  5.6116E-06  5.3700E-06  5.0762E-06  4.8042E-06  4.4347E-06  4.0432E-06  3.7014E-06
       3.2698E-06  2.9769E-06  2.6076E-06  2.2488E-06  1.9303E-06  1.5606E-06  1.3079E-06  1.0496E-06  8.2864E-07  6.4516E-07
       4.6316E-07  3.4595E-07  2.6839E-07  1.9806E-07  1.3250E-07  9.2223E-08  7.6433E-08  4.1265E-08  2.8378E-08  2.3984E-08
       1.9036E-08  1.1455E-08  8.5829E-09  4.6615E-09  5.1542E-09  5.0322E-09  5.0221E-09  4.3039E-09  3.0862E-09  2.2080E-09
       1.8956E-09  9.9089E-10  1.3748E-09  2.0913E-09  2.5116E-09  1.5355E-09  1.8015E-09  2.9595E-09  5.0878E-09  2.2852E-09
       2.5173E-09  2.4962E-09  1.0674E-09  2.4144E-09  4.2031E-09  1.3146E-09  2.4481E-09  1.2656E-09  2.1412E-09  1.3970E-09
       4.6357E-09  1.4823E-09  2.0071E-09  2.6587E-09  2.7204E-09  3.7651E-09  3.4068E-09  1.6548E-09  1.4975E-09  1.4529E-09
       1.3561E-09  1.2401E-09  1.1819E-09  3.4261E-09  1.9381E-09  1.9265E-09  1.3497E-09  1.1825E-09  1.5472E-09  1.0472E-09
       1.0935E-09  2.6980E-09  1.9034E-09  1.5012E-09  1.5655E-09  1.3931E-09  1.8073E-09  2.0562E-09  1.9803E-09  2.5927E-09
       2.3089E-09  2.2721E-09  2.2115E-09  2.3244E-09  8.3407E-09  5.6610E-09  2.4700E-09  3.3264E-09  1.7904E-09  1.3396E-09
       1.2582E-09  1.4498E-09  2.8878E-09  3.6904E-09  4.9969E-09  4.1395E-09  3.9860E-09  3.1822E-09  2.7171E-09  2.6579E-09
       1.9838E-09  2.0805E-09  2.2107E-09  2.9859E-09  1.3704E-09  1.3667E-09  1.7362E-09  5.2769E-09  1.5429E-09  2.1731E-09
       1.8757E-09  2.8716E-09  2.7556E-09  1.3253E-09  1.2929E-09  1.5345E-09  1.4506E-09  1.3612E-09  1.4705E-09  1.3490E-09
       1.9325E-09  9.8991E-10  1.3944E-09  1.9501E-09  2.1038E-09  1.8028E-09  1.2481E-09  2.2317E-09  1.5316E-09  3.5665E-09
       2.7507E-09  1.9442E-09  1.5276E-09  3.6193E-09  1.8711E-09  1.5247E-09  2.8817E-09  3.3054E-09  2.4265E-09  1.5186E-09
       2.4524E-09  1.7692E-09  2.6927E-09  3.2921E-09  2.3491E-09  2.5511E-09  4.1062E-09  1.9314E-09  1.1729E-09  9.0138E-10
       1.7086E-09  2.6596E-09  2.5999E-09  2.4449E-09  1.2723E-09  1.6479E-09  1.1189E-09  1.0540E-09  1.1906E-09  9.4012E-10
       7.5528E-10  9.8445E-10  7.1157E-10  2.7178E-09  1.3890E-09  1.8333E-09  9.7014E-10  1.2174E-09  1.3019E-09  1.3916E-09
       1.0343E-09  1.3204E-09  1.0722E-09  2.1631E-09  1.4015E-09  1.6598E-09  2.6538E-09  3.3708E-09  2.5438E-09  3.3622E-09
       1.6787E-09  1.6871E-09  3.3307E-09  2.7200E-09  2.9700E-09  2.3826E-09  2.9413E-09  3.0349E-09  4.0676E-09  4.9987E-09
       6.8517E-09  2.7936E-09  2.2103E-09  1.2104E-09  1.1826E-09  1.8975E-09  1.4582E-09  1.4945E-09  1.9569E-09  3.1877E-09
       1.3945E-09  1.1859E-09  1.3571E-09  4.6572E-09  1.9419E-09  1.6328E-09  1.5292E-09  2.4903E-09  1.6901E-09  2.4925E-09
       2.3213E-09  2.9612E-09  4.5426E-09  2.6628E-09  2.8747E-09  1.6625E-09  2.2166E-09  1.8866E-09  1.9584E-09  2.1003E-09
       3.5625E-09  3.1087E-09  1.8596E-09  2.5571E-09  2.4004E-09  1.6103E-09  1.2008E-09  1.3305E-09  1.0262E-09  1.3463E-09
       1.8191E-09  2.0953E-09  3.0921E-09  2.4568E-09  2.7543E-09  3.7184E-09  5.7984E-09  3.7385E-09  2.6964E-09  2.8970E-09
       3.6826E-09  3.2709E-09  4.5478E-09  5.5954E-09  1.4104E-09  1.3550E-09  4.3057E-09  1.2142E-09  1.2089E-09  1.4033E-09
       1.6928E-09  3.6305E-09  1.5326E-09  1.7511E-09  3.4021E-09  2.3716E-09  2.2645E-09  1.7151E-09  1.7610E-09  2.8039E-09
       2.6045E-09  2.4218E-09  2.1797E-09  2.3804E-09  8.4896E-10  9.5894E-10  1.4285E-09  1.0779E-09  1.0952E-09  1.0062E-09
       1.8001E-09  1.6511E-09  2.6167E-09  1.3355E-09  1.8544E-09  1.3529E-09  1.6228E-09  1.7103E-09  2.9372E-09  7.9756E-10
       7.5930E-10  1.5566E-09  1.2289E-09  1.5335E-09  9.6727E-10  1.0364E-09  1.7635E-09  1.5250E-09  1.8894E-09  2.8024E-09
       1.2285E-09  7.0643E-10  1.3407E-09  8.2884E-10  8.3520E-10  7.5707E-10  7.2896E-10  7.2409E-10  6.4780E-10  8.1023E-10
       8.8075E-10  9.9648E-10  9.2299E-10  7.4256E-10  1.1857E-09  1.6873E-09  1.9491E-09  3.4150E-09  6.7197E-09  1.8703E-09
       2.4656E-09  1.9900E-09  9.2491E-10  7.1805E-10  8.5261E-10  8.7024E-10  1.2949E-09  1.5772E-09  1.0187E-09  8.1063E-10
       2.4921E-09  2.9511E-09  1.5246E-09  1.2627E-09  1.4954E-09  2.0599E-09  1.1719E-09  1.0521E-09  1.5124E-09  2.7372E-09
       1.3824E-09  2.3795E-09  1.2344E-09  1.6571E-09  1.4863E-09  1.2251E-09  1.1421E-09  1.1275E-09  1.3322E-09  1.2524E-09
       1.3547E-09  1.1747E-09  1.9440E-09  1.1858E-09  1.8513E-09  1.0639E-09  2.1710E-09  1.1864E-09  3.0380E-09  1.4270E-09
       2.1687E-09  2.2161E-09  2.2809E-09  5.2454E-09  6.2837E-09  2.4966E-09  2.7906E-09  2.0221E-09  1.6876E-09  1.0222E-09
       1.1134E-09  1.1235E-09  9.1331E-10  9.3644E-10  1.8341E-09  2.0199E-09  2.0814E-09  2.3346E-09  2.2496E-09  1.2472E-09
       1.3800E-09  2.3723E-09  2.2448E-09  1.6481E-09  1.0141E-09  1.6702E-09  2.3925E-09  1.7497E-09  3.2670E-09  3.3133E-09
       3.0839E-09  3.4269E-09  4.3622E-09  2.2525E-09  1.7526E-09  1.6098E-09  2.8114E-09  2.9280E-09  2.4785E-09  4.2473E-09
