
 *****                                                                                    *****

           DATE:  3/28/22,  TIME: 20:38:34

          Total number of particles followed         100000, for a total weight of  1.0000E+05

1
   Cartesian binning n.   1  "E1        " , generalized particle n.  208
      X coordinate: from -2.5000E+01 to  2.5000E+01 cm,     1 bins ( 5.0000E+01 cm wide)
      Y coordinate: from -2.5000E+01 to  2.5000E+01 cm,     1 bins ( 5.0000E+01 cm wide)
      Z coordinate: from  0.0000E+00 to  5.0000E+00 cm,  1000 bins ( 5.0000E-03 cm wide)
      Data follow in a matrix A(ix,iy,iz), format (1(5x,1p,10(1x,e11.4)))

      accurate deposition along the tracks requested
       5.2327E-06  5.2102E-06  5.2186E-06  5.2244E-06  5.2716E-06  5.2387E-06  5.2599E-06  5.2938E-06  5.2947E-06  5.3073E-06
       5.3117E-06  5.3020E-06  5.3154E-06  5.3248E-06  5.3603E-06  5.3367E-06  5.3465E-06  5.3544E-06  5.3598E-06  5.3598E-06
       5.3773E-06  5.3859E-06  5.3881E-06  5.4276E-06  5.3967E-06  5.4231E-06  5.4273E-06  5.4497E-06  5.4576E-06  5.4842E-06
       5.4627E-06  5.4744E-06  5.4638E-06  5.4709E-06  5.4729E-06  5.4892E-06  5.5062E-06  5.5605E-06  5.5459E-06  5.5254E-06
       5.5706E-06  5.5661E-06  5.5656E-06  5.5801E-06  5.5700E-06  5.5702E-06  5.5709E-06  5.5547E-06  5.5902E-06  5.6084E-06
       5.6158E-06  5.6295E-06  5.6142E-06  5.6110E-06  5.6441E-06  5.6342E-06  5.6619E-06  5.6930E-06  5.6803E-06  5.7113E-06
       5.7016E-06  5.7124E-06  5.6785E-06  5.6951E-06  5.7018E-06  5.7482E-06  5.7431E-06  5.7465E-06  5.7522E-06  5.7289E-06
       5.7683E-06  5.7343E-06  5.7542E-06  5.7458E-06  5.7621E-06  5.7730E-06  5.8060E-06  5.8306E-06  5.8403E-06  5.8610E-06
       5.9079E-06  5.8775E-06  5.8688E-06  5.9135E-06  5.8547E-06  5.9103E-06  5.9767E-06  5.9397E-06  5.9745E-06  5.9902E-06
       5.9732E-06  5.9606E-06  5.9651E-06  6.0171E-06  6.0256E-06  6.0004E-06  6.0345E-06  6.0305E-06  6.0249E-06  6.0518E-06
       6.0863E-06  6.0681E-06  6.0834E-06  6.1033E-06  6.0825E-06  6.1453E-06  6.1418E-06  6.1073E-06  6.1452E-06  6.1774E-06
       6.1658E-06  6.1933E-06  6.1976E-06  6.2257E-06  6.2526E-06  6.2112E-06  6.2177E-06  6.2669E-06  6.2606E-06  6.3148E-06
       6.3227E-06  6.3090E-06  6.3005E-06  6.3503E-06  6.3638E-06  6.3523E-06  6.3525E-06  6.3561E-06  6.4001E-06  6.4425E-06
       6.4929E-06  6.4874E-06  6.4690E-06  6.4816E-06  6.5099E-06  6.5511E-06  6.5771E-06  6.5618E-06  6.5745E-06  6.6239E-06
       6.6236E-06  6.6473E-06  6.6519E-06  6.6930E-06  6.7047E-06  6.7452E-06  6.7907E-06  6.8606E-06  6.8995E-06  6.9064E-06
       6.9891E-06  7.0344E-06  7.0492E-06  7.0653E-06  7.0195E-06  6.9714E-06  6.9440E-06  6.9598E-06  7.0298E-06  7.0841E-06
       7.1632E-06  7.2030E-06  7.2724E-06  7.3183E-06  7.3147E-06  7.2156E-06  7.1094E-06  6.9953E-06  6.9868E-06  7.0183E-06
       7.0805E-06  7.1274E-06  7.2043E-06  7.2778E-06  7.3234E-06  7.2850E-06  7.2106E-06  7.1394E-06  7.0583E-06  7.0439E-06
       7.0233E-06  7.0823E-06  7.1443E-06  7.2392E-06  7.2385E-06  7.2972E-06  7.2617E-06  7.1936E-06  7.1339E-06  7.0786E-06
       7.0452E-06  7.0636E-06  7.1016E-06  7.1438E-06  7.2024E-06  7.2447E-06  7.2838E-06  7.2260E-06  7.2367E-06  7.1520E-06
       7.0927E-06  7.0350E-06  7.0117E-06  7.0473E-06  7.0510E-06  7.1436E-06  7.1889E-06  7.2402E-06  7.2478E-06  7.2464E-06
       7.2361E-06  7.1296E-06  7.0740E-06  7.0242E-06  7.0137E-06  7.0569E-06  7.1235E-06  7.1809E-06  7.2177E-06  7.2251E-06
       7.1905E-06  7.1545E-06  7.1408E-06  7.0291E-06  7.0115E-06  7.0115E-06  7.0432E-06  7.0632E-06  7.1244E-06  7.1611E-06
       7.2382E-06  7.1968E-06  7.1664E-06  7.1120E-06  7.0584E-06  7.0099E-06  7.0211E-06  7.0273E-06  7.0911E-06  7.1101E-06
       7.2094E-06  7.1976E-06  7.2404E-06  7.2015E-06  7.1427E-06  7.0552E-06  7.0288E-06  7.0027E-06  7.0127E-06  7.0252E-06
       7.1152E-06  7.1587E-06  7.1570E-06  7.1952E-06  7.1732E-06  7.1447E-06  7.1169E-06  7.0939E-06  7.0450E-06  7.0354E-06
       7.0726E-06  7.1415E-06  7.1847E-06  7.1814E-06  7.1828E-06  7.1997E-06  7.1529E-06  7.1180E-06  7.0672E-06  7.0683E-06
       7.0851E-06  7.0966E-06  7.1163E-06  7.1228E-06  7.1618E-06  7.1888E-06  7.1533E-06  7.1374E-06  7.0879E-06  7.0633E-06
       7.0547E-06  7.0530E-06  7.0757E-06  7.0891E-06  7.1511E-06  7.1664E-06  7.1808E-06  7.2103E-06  7.1658E-06  7.1682E-06
       7.1504E-06  7.1230E-06  7.0976E-06  7.0588E-06  7.0705E-06  7.0971E-06  7.1394E-06  7.1544E-06  7.1624E-06  7.2129E-06
       7.1556E-06  7.1997E-06  7.1285E-06  7.1320E-06  7.1101E-06  7.0926E-06  7.0995E-06  7.1311E-06  7.1676E-06  7.1424E-06
       7.1633E-06  7.1845E-06  7.1307E-06  7.1191E-06  7.1016E-06  7.0854E-06  7.0831E-06  7.1021E-06  7.1232E-06  7.1731E-06
       7.1630E-06  7.1683E-06  7.1563E-06  7.1184E-06  7.1604E-06  7.1044E-06  7.0878E-06  7.0760E-06  7.0960E-06  7.1063E-06
       7.1830E-06  7.1879E-06  7.2051E-06  7.1984E-06  7.1469E-06  7.1412E-06  7.1619E-06  7.1125E-06  7.1050E-06  7.0883E-06
       7.1189E-06  7.1889E-06  7.1468E-06  7.1268E-06  7.1666E-06  7.1626E-06  7.1504E-06  7.1045E-06  7.0737E-06  7.0881E-06
       7.0944E-06  7.1138E-06  7.0998E-06  7.1304E-06  7.1158E-06  7.1503E-06  7.1554E-06  7.1413E-06  7.1266E-06  7.1078E-06
       7.1369E-06  7.0914E-06  7.0993E-06  7.1194E-06  7.1133E-06  7.1042E-06  7.1345E-06  7.1403E-06  7.1304E-06  7.0990E-06
       7.1011E-06  7.0747E-06  7.0875E-06  7.0852E-06  7.0889E-06  7.1025E-06  7.0859E-06  7.0822E-06  7.0771E-06  7.0988E-06
       7.1194E-06  7.0665E-06  7.0920E-06  7.1257E-06  7.1196E-06  7.1269E-06  7.1163E-06  7.1434E-06  7.1259E-06  7.1540E-06
       7.1784E-06  7.1530E-06  7.1538E-06  7.1159E-06  7.1192E-06  7.1256E-06  7.1135E-06  7.1023E-06  7.1171E-06  7.1275E-06
       7.1677E-06  7.1300E-06  7.1769E-06  7.1518E-06  7.1254E-06  7.1220E-06  7.1276E-06  7.1429E-06  7.1431E-06  7.1240E-06
       7.1232E-06  7.1594E-06  7.1450E-06  7.1585E-06  7.1624E-06  7.1567E-06  7.1066E-06  7.0786E-06  7.1069E-06  7.1026E-06
       7.1287E-06  7.1172E-06  7.1232E-06  7.1422E-06  7.1500E-06  7.1618E-06  7.1222E-06  7.1289E-06  7.1574E-06  7.1174E-06
       7.1160E-06  7.1103E-06  7.1302E-06  7.1444E-06  7.1832E-06  7.1460E-06  7.1400E-06  7.1424E-06  7.1464E-06  7.1470E-06
       7.1729E-06  7.1483E-06  7.1472E-06  7.1457E-06  7.1578E-06  7.1668E-06  7.1318E-06  7.1617E-06  7.1369E-06  7.1392E-06
       7.1366E-06  7.1085E-06  7.1389E-06  7.1275E-06  7.1458E-06  7.1533E-06  7.1033E-06  7.0933E-06  7.1089E-06  7.0862E-06
       7.0984E-06  7.1160E-06  7.1031E-06  7.1088E-06  7.1070E-06  7.1044E-06  7.1333E-06  7.0894E-06  7.1101E-06  7.1092E-06
       7.1272E-06  7.1500E-06  7.1246E-06  7.1495E-06  7.1218E-06  7.1357E-06  7.1060E-06  7.1236E-06  7.1003E-06  7.1299E-06
       7.1442E-06  7.1177E-06  7.1116E-06  7.1355E-06  7.1156E-06  7.1475E-06  7.1126E-06  7.1113E-06  7.1181E-06  7.1296E-06
       7.1320E-06  7.1079E-06  7.1567E-06  7.1320E-06  7.1295E-06  7.1182E-06  7.1329E-06  7.1386E-06  7.1137E-06  7.1375E-06
       7.2020E-06  7.2125E-06  7.1727E-06  7.1893E-06  7.1946E-06  7.1843E-06  7.1289E-06  7.1449E-06  7.1634E-06  7.1450E-06
       7.1525E-06  7.1639E-06  7.1597E-06  7.1686E-06  7.1655E-06  7.1664E-06  7.1652E-06  7.1715E-06  7.1435E-06  7.1685E-06
       7.1873E-06  7.1519E-06  7.1549E-06  7.1456E-06  7.1824E-06  7.1751E-06  7.1513E-06  7.1384E-06  7.1506E-06  7.1686E-06
       7.1838E-06  7.1869E-06  7.1737E-06  7.1454E-06  7.1668E-06  7.1900E-06  7.1732E-06  7.1526E-06  7.1435E-06  7.1816E-06
       7.2061E-06  7.2209E-06  7.2170E-06  7.1626E-06  7.1591E-06  7.1801E-06  7.1941E-06  7.1705E-06  7.1764E-06  7.1724E-06
       7.1594E-06  7.1604E-06  7.1654E-06  7.1648E-06  7.1831E-06  7.1519E-06  7.1693E-06  7.1342E-06  7.1230E-06  7.1502E-06
       7.1551E-06  7.1846E-06  7.1939E-06  7.2046E-06  7.1925E-06  7.1806E-06  7.1718E-06  7.1665E-06  7.1379E-06  7.1653E-06
       7.1889E-06  7.2445E-06  7.2092E-06  7.2109E-06  7.2315E-06  7.2408E-06  7.2066E-06  7.2044E-06  7.1415E-06  7.1366E-06
       7.1867E-06  7.1755E-06  7.1646E-06  7.1631E-06  7.1536E-06  7.1276E-06  7.0889E-06  7.0731E-06  7.0689E-06  7.0653E-06
       7.0616E-06  7.0480E-06  7.0555E-06  7.0003E-06  6.9074E-06  6.7817E-06  6.7301E-06  6.6410E-06  6.5472E-06  6.3526E-06
       6.2507E-06  5.9975E-06  5.8133E-06  5.6218E-06  5.3835E-06  5.1325E-06  4.7636E-06  4.3448E-06  4.0316E-06  3.7017E-06
       3.3251E-06  2.9717E-06  2.5762E-06  2.2024E-06  1.8473E-06  1.5304E-06  1.2590E-06  1.0482E-06  8.1752E-07  6.3064E-07
       4.9015E-07  3.5949E-07  2.5083E-07  1.8495E-07  1.2970E-07  8.8069E-08  6.2049E-08  3.8760E-08  3.5144E-08  2.1228E-08
       1.4841E-08  8.5714E-09  6.5611E-09  3.2008E-09  2.8953E-09  2.9211E-09  4.6726E-09  2.2999E-09  2.4175E-09  2.1852E-09
       2.2160E-09  3.8931E-09  2.2863E-09  2.2406E-09  2.5000E-09  2.5074E-09  3.6445E-09  5.0681E-09  4.0314E-09  4.4954E-09
       6.0610E-09  2.9067E-09  1.2392E-08  5.2221E-09  2.2963E-09  5.0679E-09  1.4331E-09  1.4755E-09  1.3335E-09  1.8784E-09
       2.3333E-09  1.4750E-09  2.9313E-09  4.0262E-09  2.8345E-09  1.4362E-09  2.7315E-09  4.1931E-09  3.5309E-09  6.2999E-09
       1.5993E-09  1.8966E-09  1.7566E-09  1.7614E-09  1.9261E-09  1.7289E-09  1.9359E-09  2.4124E-09  4.2296E-09  1.7480E-09
       2.2943E-09  2.2225E-09  2.9276E-09  2.8302E-09  2.5469E-09  1.5663E-09  2.6196E-09  1.5838E-09  1.6797E-09  1.7824E-09
       2.2446E-09  2.2623E-09  2.3014E-09  2.2372E-09  4.3496E-09  2.5386E-09  4.4730E-09  2.7259E-09  1.5491E-09  1.6650E-09
       1.6110E-09  1.9952E-09  2.3129E-09  2.4655E-09  2.5797E-09  2.3903E-09  2.3994E-09  4.7432E-09  2.9279E-09  2.6036E-09
       3.3342E-09  3.7373E-09  2.5841E-09  2.6602E-09  2.1919E-09  4.0869E-09  6.8912E-09  3.6378E-09  4.3104E-09  3.2262E-09
       2.8437E-09  2.9272E-09  3.8604E-09  3.5261E-09  2.0457E-09  2.5799E-09  2.8006E-09  1.6482E-09  1.5994E-09  1.7249E-09
       1.2015E-09  2.3281E-09  2.4575E-09  1.1538E-09  3.7609E-09  1.3357E-09  2.0133E-09  2.5743E-09  2.6684E-09  2.8537E-09
       1.4742E-09  1.4321E-09  1.3841E-09  1.2040E-09  1.4888E-09  1.7397E-09  1.5158E-09  1.8604E-09  1.3231E-09  1.2912E-09
       2.9164E-09  3.8541E-09  1.7184E-09  3.2752E-09  4.1808E-09  3.3027E-09  1.9111E-09  4.0994E-09  2.8523E-09  3.5105E-09
       4.2081E-09  4.8983E-09  3.4520E-09  3.2517E-09  2.4564E-09  1.6933E-09  1.2983E-09  1.7084E-09  2.0164E-09  3.1060E-09
       4.1727E-09  1.6292E-09  3.2912E-09  1.9220E-09  1.7374E-09  1.0358E-09  1.0752E-09  1.7072E-09  2.7119E-09  3.8609E-09
       2.8072E-09  1.7509E-09  2.0443E-09  1.0814E-09  8.6547E-10  1.0896E-09  5.4861E-09  1.6108E-09  4.2291E-09  1.9583E-09
       1.0933E-09  1.0480E-09  1.4457E-09  1.5205E-09  2.3961E-09  2.7204E-09  1.9360E-09  2.7647E-09  9.6760E-10  9.2444E-10
       8.8016E-10  9.3787E-10  1.1599E-09  1.2789E-09  1.7587E-09  1.8778E-09  1.6037E-09  1.8547E-09  1.9902E-09  1.7877E-09
       1.9929E-09  2.0257E-09  2.0344E-09  8.1714E-10  1.5659E-09  8.9594E-10  3.2010E-09  5.2579E-09  4.4491E-09  1.3998E-09
       4.1238E-09  1.3258E-09  1.1620E-09  1.3096E-09  1.7095E-09  2.0825E-09  1.0707E-09  2.1707E-09  1.8439E-09  1.7657E-09
       2.4047E-09  1.1856E-09  1.1155E-09  1.9345E-09  3.6879E-09  1.6592E-09  1.8173E-09  1.6428E-09  1.6794E-09  1.8660E-09
       3.4349E-09  1.3666E-09  2.4386E-09  2.4317E-09  2.4644E-09  1.9762E-09  1.7253E-09  2.2908E-09  1.9702E-09  2.0861E-09
       2.9404E-09  1.8202E-09  2.5450E-09  1.5428E-09  1.5402E-09  1.4948E-09  2.3488E-09  4.0654E-09  3.2899E-09  1.1019E-09
       1.9714E-09  1.1732E-09  1.2842E-09  1.9368E-09  1.7544E-09  1.3369E-09  1.2978E-09  3.0880E-09  1.3907E-09  1.6552E-09
       2.7522E-09  1.0465E-09  1.3985E-09  2.3345E-09  2.6116E-09  4.1979E-09  1.2893E-09  2.2502E-09  1.1203E-09  3.1867E-09
       1.8994E-09  1.8691E-09  1.0321E-09  1.3315E-09  1.1466E-09  1.7914E-09  2.3608E-09  2.4419E-09  6.5661E-10  6.0791E-10
       1.9830E-09  1.0666E-09  1.1949E-09  1.1981E-09  1.1552E-09  3.4415E-09  1.1015E-09  1.8401E-09  1.8210E-09  1.5384E-09
       1.0088E-09  1.0112E-09  6.5465E-10  7.5568E-10  1.0530E-09  7.9635E-10  1.6709E-09  2.1257E-09  1.6896E-09  1.5991E-09
       1.8862E-09  2.2489E-09  1.9174E-09  2.0556E-09  5.1326E-09  2.2106E-09  1.2402E-09  2.8057E-09  6.8337E-10  1.2095E-09
       7.0083E-10  8.9981E-10  8.7557E-10  1.2036E-09  6.5873E-10  7.8048E-10  9.6812E-10  1.6281E-09  3.4305E-09  1.5794E-09
       1.4294E-09  1.6193E-09  3.0222E-09  4.3530E-09  3.6144E-09  2.1406E-09  3.6057E-09  2.6120E-09  2.8849E-09  3.3051E-09
       1.8544E-09  2.4127E-09  2.1571E-09  2.1970E-09  2.2593E-09  2.1686E-09  3.9138E-09  4.2814E-09  2.3156E-09  3.1610E-09
       3.7560E-09  3.0191E-09  2.1535E-09  2.5155E-09  2.3883E-09  8.7436E-09  6.5695E-09  3.4061E-09  1.4346E-09  1.3532E-09
       1.9280E-09  1.9395E-09  9.5594E-10  8.1570E-10  6.6746E-10  9.5687E-10  6.0926E-10  7.3036E-10  6.8471E-10  1.6146E-09
       1.2930E-09  2.7148E-09  2.0051E-09  7.4305E-10  1.4763E-09  2.4649E-09  3.1665E-09  2.8696E-09  1.2634E-09  1.4774E-09
       1.1448E-09  8.6413E-10  7.1652E-10  1.2723E-09  1.9970E-09  2.2898E-09  2.9889E-09  3.6406E-09  3.6403E-09  8.6410E-10
       5.1948E-10  7.6316E-10  1.7118E-09  2.4593E-09  7.8495E-10  9.5580E-10  6.8957E-10  6.9166E-10  9.6629E-10  1.2037E-09
