
 *****                                                                                    *****

           DATE:  3/28/22,  TIME: 20:41:36

          Total number of particles followed         100000, for a total weight of  1.0000E+05

1
   Cartesian binning n.   1  "E1        " , generalized particle n.  208
      X coordinate: from -2.5000E+01 to  2.5000E+01 cm,     1 bins ( 5.0000E+01 cm wide)
      Y coordinate: from -2.5000E+01 to  2.5000E+01 cm,     1 bins ( 5.0000E+01 cm wide)
      Z coordinate: from  0.0000E+00 to  5.0000E+00 cm,  1000 bins ( 5.0000E-03 cm wide)
      Data follow in a matrix A(ix,iy,iz), format (1(5x,1p,10(1x,e11.4)))

      accurate deposition along the tracks requested
       5.2185E-06  5.2269E-06  5.2308E-06  5.2432E-06  5.2659E-06  5.2921E-06  5.3171E-06  5.2946E-06  5.2765E-06  5.2795E-06
       5.2896E-06  5.3086E-06  5.3737E-06  5.3333E-06  5.3259E-06  5.3529E-06  5.3408E-06  5.3348E-06  5.3544E-06  5.3707E-06
       5.3679E-06  5.3916E-06  5.3804E-06  5.4011E-06  5.3993E-06  5.3870E-06  5.3937E-06  5.4054E-06  5.4434E-06  5.4746E-06
       5.4643E-06  5.4746E-06  5.4883E-06  5.4786E-06  5.4958E-06  5.4818E-06  5.5351E-06  5.5406E-06  5.5245E-06  5.5184E-06
       5.5601E-06  5.5505E-06  5.5520E-06  5.5729E-06  5.5484E-06  5.5542E-06  5.5911E-06  5.5694E-06  5.5932E-06  5.5860E-06
       5.6434E-06  5.6409E-06  5.6206E-06  5.6383E-06  5.6332E-06  5.6367E-06  5.6924E-06  5.6944E-06  5.6809E-06  5.6853E-06
       5.7013E-06  5.7052E-06  5.7118E-06  5.7148E-06  5.6970E-06  5.7387E-06  5.7069E-06  5.7470E-06  5.7287E-06  5.7220E-06
       5.7809E-06  5.7463E-06  5.7844E-06  5.7916E-06  5.8035E-06  5.8105E-06  5.7992E-06  5.8161E-06  5.8375E-06  5.8461E-06
       5.9085E-06  5.9297E-06  5.9264E-06  5.9155E-06  5.8925E-06  5.8900E-06  5.9219E-06  5.9325E-06  5.9479E-06  5.9682E-06
       5.9674E-06  6.0019E-06  6.0187E-06  6.0098E-06  6.0262E-06  6.0307E-06  6.0405E-06  6.0665E-06  6.0760E-06  6.0456E-06
       6.1026E-06  6.0911E-06  6.0951E-06  6.1468E-06  6.1331E-06  6.1128E-06  6.1057E-06  6.1473E-06  6.1496E-06  6.1677E-06
       6.2142E-06  6.2436E-06  6.2028E-06  6.2218E-06  6.2140E-06  6.2510E-06  6.2271E-06  6.2501E-06  6.2799E-06  6.2789E-06
       6.2998E-06  6.3175E-06  6.3239E-06  6.3773E-06  6.3764E-06  6.3669E-06  6.3793E-06  6.3969E-06  6.4428E-06  6.4466E-06
       6.4928E-06  6.5394E-06  6.5303E-06  6.4839E-06  6.5639E-06  6.5893E-06  6.5785E-06  6.5965E-06  6.6179E-06  6.6129E-06
       6.6388E-06  6.6660E-06  6.6736E-06  6.7264E-06  6.7671E-06  6.7760E-06  6.8234E-06  6.8460E-06  6.8807E-06  6.9352E-06
       7.0178E-06  7.0486E-06  7.0603E-06  7.0600E-06  6.9775E-06  6.9783E-06  6.9731E-06  6.9605E-06  6.9710E-06  7.0426E-06
       7.1272E-06  7.2142E-06  7.3210E-06  7.3689E-06  7.2870E-06  7.2213E-06  7.0922E-06  7.0437E-06  7.0384E-06  7.0105E-06
       7.0724E-06  7.1398E-06  7.2086E-06  7.2473E-06  7.2752E-06  7.2617E-06  7.2250E-06  7.1386E-06  7.1022E-06  7.0361E-06
       7.0179E-06  7.0993E-06  7.1219E-06  7.1775E-06  7.2645E-06  7.2804E-06  7.2091E-06  7.1708E-06  7.1209E-06  7.0604E-06
       7.0336E-06  7.0187E-06  7.0374E-06  7.0992E-06  7.1545E-06  7.1881E-06  7.2610E-06  7.2327E-06  7.2136E-06  7.1573E-06
       7.0840E-06  7.0515E-06  7.0071E-06  7.0701E-06  7.0707E-06  7.1503E-06  7.1797E-06  7.2278E-06  7.2439E-06  7.2128E-06
       7.1796E-06  7.1032E-06  7.0528E-06  7.0252E-06  7.0338E-06  7.0954E-06  7.1256E-06  7.1723E-06  7.2099E-06  7.2263E-06
       7.2360E-06  7.1822E-06  7.1378E-06  7.0823E-06  7.0277E-06  7.0382E-06  7.0503E-06  7.1122E-06  7.1696E-06  7.2388E-06
       7.2471E-06  7.2405E-06  7.1774E-06  7.1868E-06  7.0975E-06  7.0841E-06  7.0889E-06  7.0853E-06  7.1153E-06  7.1632E-06
       7.2173E-06  7.2501E-06  7.2586E-06  7.2095E-06  7.1628E-06  7.0986E-06  7.0440E-06  7.0103E-06  7.0138E-06  7.0450E-06
       7.1015E-06  7.1584E-06  7.2132E-06  7.1985E-06  7.1740E-06  7.1582E-06  7.1465E-06  7.1122E-06  7.0901E-06  7.0868E-06
       7.1009E-06  7.1421E-06  7.1642E-06  7.1699E-06  7.2089E-06  7.1840E-06  7.1750E-06  7.0976E-06  7.0477E-06  7.0269E-06
       7.0500E-06  7.0356E-06  7.0783E-06  7.1167E-06  7.1583E-06  7.1875E-06  7.1962E-06  7.2082E-06  7.1684E-06  7.1058E-06
       7.0985E-06  7.0931E-06  7.0682E-06  7.0815E-06  7.1088E-06  7.1200E-06  7.1863E-06  7.1803E-06  7.1940E-06  7.1776E-06
       7.1004E-06  7.0913E-06  7.0806E-06  7.0911E-06  7.1142E-06  7.1037E-06  7.1328E-06  7.2002E-06  7.1545E-06  7.1571E-06
       7.1907E-06  7.1341E-06  7.0980E-06  7.0773E-06  7.0812E-06  7.0806E-06  7.1246E-06  7.0850E-06  7.1215E-06  7.1633E-06
       7.1518E-06  7.1446E-06  7.1070E-06  7.0796E-06  7.0356E-06  7.0338E-06  7.0091E-06  7.0315E-06  7.0519E-06  7.0587E-06
       7.1022E-06  7.0900E-06  7.1058E-06  7.1072E-06  7.0720E-06  7.0457E-06  7.0353E-06  7.0491E-06  7.0144E-06  7.0432E-06
       7.0759E-06  7.1052E-06  7.1336E-06  7.1502E-06  7.1699E-06  7.1378E-06  7.1472E-06  7.0765E-06  7.0673E-06  7.0794E-06
       7.1046E-06  7.0936E-06  7.0938E-06  7.0813E-06  7.1117E-06  7.1021E-06  7.0984E-06  7.1203E-06  7.0830E-06  7.0871E-06
       7.0640E-06  7.0679E-06  7.0622E-06  7.1266E-06  7.1375E-06  7.1418E-06  7.1024E-06  7.1016E-06  7.0912E-06  7.1098E-06
       7.0629E-06  7.0335E-06  7.0555E-06  7.1005E-06  7.0787E-06  7.0874E-06  7.0873E-06  7.0871E-06  7.0697E-06  7.1054E-06
       7.1400E-06  7.1427E-06  7.1113E-06  7.1178E-06  7.1177E-06  7.1186E-06  7.1361E-06  7.1401E-06  7.1252E-06  7.1434E-06
       7.1363E-06  7.1175E-06  7.1164E-06  7.1021E-06  7.1237E-06  7.1221E-06  7.1169E-06  7.1235E-06  7.1218E-06  7.1436E-06
       7.1435E-06  7.1381E-06  7.1210E-06  7.1493E-06  7.1183E-06  7.1249E-06  7.0878E-06  7.0890E-06  7.0951E-06  7.1284E-06
       7.1308E-06  7.1437E-06  7.1447E-06  7.1494E-06  7.1594E-06  7.1405E-06  7.1195E-06  7.1233E-06  7.1170E-06  7.1066E-06
       7.1157E-06  7.1055E-06  7.1054E-06  7.1671E-06  7.1391E-06  7.1236E-06  7.1228E-06  7.1168E-06  7.1085E-06  7.1361E-06
       7.1708E-06  7.1357E-06  7.1546E-06  7.1320E-06  7.1663E-06  7.1641E-06  7.1413E-06  7.1078E-06  7.1106E-06  7.1108E-06
       7.0892E-06  7.1021E-06  7.0881E-06  7.1303E-06  7.1343E-06  7.1291E-06  7.1235E-06  7.1110E-06  7.1170E-06  7.1086E-06
       7.1158E-06  7.1210E-06  7.1413E-06  7.0996E-06  7.1014E-06  7.0917E-06  7.1135E-06  7.1353E-06  7.1138E-06  7.1016E-06
       7.1313E-06  7.0981E-06  7.0887E-06  7.1015E-06  7.0929E-06  7.1191E-06  7.1177E-06  7.1290E-06  7.1465E-06  7.1049E-06
       7.1293E-06  7.1220E-06  7.1263E-06  7.1186E-06  7.1305E-06  7.1370E-06  7.1076E-06  7.1185E-06  7.0896E-06  7.0872E-06
       7.1230E-06  7.1086E-06  7.1327E-06  7.1510E-06  7.1320E-06  7.1240E-06  7.1335E-06  7.1043E-06  7.1069E-06  7.1050E-06
       7.1188E-06  7.1616E-06  7.1315E-06  7.1447E-06  7.1749E-06  7.1667E-06  7.1504E-06  7.1553E-06  7.1693E-06  7.1270E-06
       7.1363E-06  7.1426E-06  7.1486E-06  7.1371E-06  7.1510E-06  7.0863E-06  7.1082E-06  7.1187E-06  7.1268E-06  7.1410E-06
       7.1369E-06  7.1302E-06  7.1394E-06  7.1074E-06  7.1435E-06  7.1793E-06  7.1239E-06  7.0801E-06  7.1093E-06  7.1145E-06
       7.1035E-06  7.1374E-06  7.1716E-06  7.1517E-06  7.1446E-06  7.1407E-06  7.1244E-06  7.1537E-06  7.1495E-06  7.1430E-06
       7.1642E-06  7.1758E-06  7.1579E-06  7.2026E-06  7.2018E-06  7.1971E-06  7.2016E-06  7.1835E-06  7.1561E-06  7.1618E-06
       7.1836E-06  7.1655E-06  7.1781E-06  7.1640E-06  7.1853E-06  7.2336E-06  7.2143E-06  7.1712E-06  7.1704E-06  7.1701E-06
       7.1714E-06  7.1648E-06  7.1902E-06  7.2107E-06  7.2099E-06  7.1649E-06  7.1873E-06  7.1680E-06  7.1376E-06  7.1625E-06
       7.2298E-06  7.2583E-06  7.2277E-06  7.2243E-06  7.2321E-06  7.2200E-06  7.2289E-06  7.1932E-06  7.2315E-06  7.2418E-06
       7.2433E-06  7.2439E-06  7.2260E-06  7.1892E-06  7.1760E-06  7.1405E-06  7.1743E-06  7.1799E-06  7.1592E-06  7.1947E-06
       7.2016E-06  7.2109E-06  7.2258E-06  7.2370E-06  7.2330E-06  7.2006E-06  7.2155E-06  7.1989E-06  7.1969E-06  7.1686E-06
       7.1738E-06  7.2025E-06  7.1847E-06  7.2093E-06  7.2096E-06  7.2000E-06  7.1984E-06  7.1284E-06  7.1361E-06  7.0954E-06
       7.0860E-06  7.0073E-06  6.9593E-06  6.8781E-06  6.8337E-06  6.7851E-06  6.6989E-06  6.5774E-06  6.3968E-06  6.2706E-06
       6.1999E-06  6.0354E-06  5.7766E-06  5.5301E-06  5.2915E-06  5.0468E-06  4.7434E-06  4.4560E-06  4.1169E-06  3.7487E-06
       3.3432E-06  2.9398E-06  2.5609E-06  2.1758E-06  1.8522E-06  1.5616E-06  1.2811E-06  1.0288E-06  8.1131E-07  6.3772E-07
       4.7164E-07  3.4833E-07  2.3233E-07  1.7626E-07  1.2840E-07  8.4951E-08  6.5621E-08  4.8583E-08  3.3601E-08  2.4536E-08
       1.4944E-08  8.4390E-09  7.1769E-09  2.8601E-09  3.3712E-09  5.9316E-09  1.7157E-09  1.4345E-09  1.2917E-09  1.1497E-09
       1.3600E-09  2.1561E-09  1.3267E-09  1.7378E-09  2.6527E-09  4.1479E-09  1.3397E-09  1.6515E-09  1.6391E-09  1.7078E-09
       1.3275E-09  1.1071E-09  1.8455E-09  1.2632E-09  1.0556E-09  1.1443E-09  1.1968E-09  1.1042E-09  8.4388E-10  4.0119E-09
       1.3227E-09  1.0079E-09  1.3565E-09  9.2558E-10  1.4568E-09  1.2642E-09  2.7825E-09  1.3470E-09  1.0203E-09  1.2526E-09
       1.6687E-09  1.5717E-09  1.8055E-09  2.0135E-09  2.0105E-09  2.1311E-09  1.5546E-09  1.3752E-09  1.4656E-09  1.2960E-09
       3.1996E-09  2.3748E-09  1.8560E-09  2.1063E-09  2.4876E-09  2.9928E-09  4.8535E-09  2.7931E-09  1.3792E-09  2.4022E-09
       2.7600E-09  2.6669E-09  1.4705E-09  1.8011E-09  1.3914E-09  1.6455E-09  1.6171E-09  2.3149E-09  5.3776E-09  1.2319E-09
       1.4081E-09  2.3470E-09  2.6423E-09  2.1088E-09  4.1215E-09  1.3916E-09  6.4165E-09  1.9532E-09  2.3660E-09  1.7173E-09
       2.1557E-09  2.6050E-09  3.0502E-09  3.4030E-09  1.2231E-09  1.8519E-09  1.8134E-09  1.4165E-09  1.8604E-09  1.7918E-09
       2.9008E-09  1.8691E-09  2.3219E-09  2.8712E-09  2.7276E-09  3.3521E-09  3.7870E-09  3.6585E-09  1.5716E-09  2.0235E-09
       1.6788E-09  2.3611E-09  1.9458E-09  1.3923E-09  1.0910E-09  1.3673E-09  2.2162E-09  1.6242E-09  1.7521E-09  1.3579E-09
       1.8835E-09  1.7200E-09  2.4827E-09  2.1866E-09  1.4458E-09  1.1564E-09  1.2648E-09  1.3163E-09  2.0469E-09  1.4666E-09
       3.5165E-09  2.1450E-09  4.1643E-09  1.4034E-09  1.0360E-09  1.1010E-09  1.1368E-09  1.2054E-09  2.0731E-09  1.0003E-09
       2.5046E-09  2.2519E-09  1.8615E-09  1.9507E-09  1.4131E-09  1.0527E-09  1.0331E-09  1.0052E-09  8.2453E-10  1.2357E-09
       1.7002E-09  9.8495E-10  1.4045E-09  8.2282E-10  2.7215E-09  2.0355E-09  1.8733E-09  3.2668E-09  5.4183E-09  2.4605E-09
       2.7371E-09  1.1828E-09  1.4976E-09  1.4249E-09  2.1248E-09  1.2368E-09  1.1984E-09  1.0930E-09  2.6668E-09  1.3241E-09
       7.1467E-10  8.7922E-10  1.4859E-09  1.7408E-09  1.2558E-09  5.8612E-10  8.7794E-10  1.1439E-09  8.8379E-10  8.7290E-10
       1.6099E-09  1.9966E-09  1.6214E-09  1.9074E-09  2.6189E-09  2.0458E-09  3.5231E-09  1.8122E-09  8.3371E-10  8.1663E-10
       7.8238E-10  1.1125E-09  9.3961E-10  2.0078E-09  1.0966E-09  1.2081E-09  1.5399E-09  1.6934E-09  2.9654E-09  2.2318E-09
       1.7577E-09  8.0064E-10  1.0699E-09  1.1833E-09  8.6087E-10  8.8121E-10  1.1249E-09  1.8205E-09  5.0947E-09  6.4846E-09
       1.8704E-09  2.0520E-09  1.4120E-09  1.3255E-09  1.3002E-09  1.3172E-09  2.1513E-09  2.1597E-09  1.6347E-09  2.1239E-09
       1.4556E-09  2.4903E-09  2.0536E-09  2.3296E-09  9.1594E-10  1.1243E-09  1.2840E-09  1.3987E-09  1.7982E-09  3.7284E-09
       5.9004E-09  2.5445E-09  1.4497E-09  1.9283E-09  2.2334E-09  1.2193E-09  1.6963E-09  1.0577E-09  7.8789E-10  2.3881E-09
       8.3525E-10  1.0769E-09  8.9513E-10  8.9354E-10  1.1135E-09  2.9424E-09  1.2236E-09  1.6203E-09  1.3408E-09  1.6931E-09
       7.3466E-10  6.4306E-10  1.9716E-09  1.0373E-09  1.9587E-09  9.2676E-10  8.2849E-10  7.9308E-10  1.8197E-09  1.9235E-09
       7.0077E-10  8.4626E-10  1.0551E-09  8.1346E-10  6.9927E-10  2.2330E-09  1.1053E-09  8.2336E-10  1.0766E-09  1.3341E-09
       2.2827E-09  8.0246E-09  3.4222E-09  1.4176E-09  1.2516E-09  1.5506E-09  1.8527E-09  1.1746E-09  2.2470E-09  1.3941E-09
       1.5029E-09  2.2855E-09  2.6462E-09  1.3957E-09  2.6027E-09  7.7566E-10  7.4003E-10  8.7123E-10  1.0821E-09  3.2688E-09
       9.6653E-10  1.9102E-09  8.1141E-10  3.6388E-09  3.9381E-09  3.2669E-09  1.1197E-09  1.6581E-09  1.2078E-09  1.8238E-09
       1.7019E-09  9.6207E-10  2.4544E-09  1.2494E-09  1.7179E-09  3.2410E-09  9.6017E-10  8.5846E-10  2.7497E-09  1.7540E-09
       6.4662E-10  2.1662E-09  9.1646E-10  1.5391E-09  7.9594E-10  8.7643E-10  1.8877E-09  9.7904E-10  2.7297E-09  1.2722E-09
       7.1967E-10  1.2822E-09  6.4837E-10  6.8471E-10  8.1085E-10  2.8192E-09  1.9578E-09  2.7265E-09  2.0088E-09  7.4976E-10
       7.1005E-10  6.6237E-10  7.8193E-10  3.2084E-09  2.3858E-09  8.3651E-10  7.6921E-10  1.1951E-09  8.6883E-10  9.6632E-10
       6.0827E-10  6.4541E-10  7.7376E-10  9.2481E-10  1.0669E-09  1.1043E-09  1.0579E-09  1.1474E-09  1.0759E-09  1.1441E-09
       9.2534E-10  4.2850E-09  1.2542E-09  2.5380E-09  2.6779E-09  1.4319E-09  1.3177E-09  1.4771E-09  2.0182E-09  2.0609E-09
       8.9151E-10  7.7128E-10  9.5914E-10  9.1283E-10  8.0520E-10  1.5262E-09  2.3110E-09  1.3796E-09  1.2052E-09  1.4672E-09
       1.1415E-09  2.0209E-09  2.5751E-09  2.6885E-09  2.0053E-09  3.7367E-09  2.6981E-09  1.6811E-09  1.9971E-09  7.9481E-10
