
 *****                                                                                    *****

           DATE:  3/28/22,  TIME: 20:41:06

          Total number of particles followed         100000, for a total weight of  1.0000E+05

1
   Cartesian binning n.   1  "E1        " , generalized particle n.  208
      X coordinate: from -2.5000E+01 to  2.5000E+01 cm,     1 bins ( 5.0000E+01 cm wide)
      Y coordinate: from -2.5000E+01 to  2.5000E+01 cm,     1 bins ( 5.0000E+01 cm wide)
      Z coordinate: from  0.0000E+00 to  5.0000E+00 cm,  1000 bins ( 5.0000E-03 cm wide)
      Data follow in a matrix A(ix,iy,iz), format (1(5x,1p,10(1x,e11.4)))

      accurate deposition along the tracks requested
       5.1911E-06  5.2042E-06  5.2256E-06  5.2609E-06  5.2211E-06  5.2447E-06  5.2795E-06  5.2690E-06  5.2510E-06  5.3271E-06
       5.3090E-06  5.2947E-06  5.3075E-06  5.3238E-06  5.3135E-06  5.3173E-06  5.3523E-06  5.3344E-06  5.3431E-06  5.3226E-06
       5.3680E-06  5.3494E-06  5.3744E-06  5.3699E-06  5.3735E-06  5.4199E-06  5.4296E-06  5.4299E-06  5.4432E-06  5.4390E-06
       5.4743E-06  5.4821E-06  5.4653E-06  5.4663E-06  5.4656E-06  5.4780E-06  5.5445E-06  5.5354E-06  5.5408E-06  5.6038E-06
       5.5410E-06  5.5631E-06  5.5421E-06  5.5273E-06  5.5438E-06  5.5690E-06  5.5842E-06  5.5739E-06  5.5611E-06  5.5665E-06
       5.6106E-06  5.6042E-06  5.6162E-06  5.6240E-06  5.6211E-06  5.6174E-06  5.6132E-06  5.6506E-06  5.6355E-06  5.6892E-06
       5.6728E-06  5.6690E-06  5.6668E-06  5.6703E-06  5.6834E-06  5.7199E-06  5.7092E-06  5.7482E-06  5.7400E-06  5.7282E-06
       5.7455E-06  5.7519E-06  5.7371E-06  5.7977E-06  5.8023E-06  5.7807E-06  5.7838E-06  5.8099E-06  5.7962E-06  5.8309E-06
       5.8193E-06  5.8381E-06  5.8692E-06  5.9367E-06  5.9116E-06  5.8997E-06  5.9377E-06  5.9082E-06  5.9209E-06  5.9289E-06
       5.9506E-06  5.9482E-06  5.9630E-06  5.9845E-06  5.9876E-06  5.9689E-06  5.9716E-06  5.9947E-06  6.0194E-06  6.0266E-06
       6.0589E-06  6.0945E-06  6.0766E-06  6.0606E-06  6.1051E-06  6.1130E-06  6.1037E-06  6.1118E-06  6.1250E-06  6.1327E-06
       6.1666E-06  6.1799E-06  6.1711E-06  6.2403E-06  6.2036E-06  6.2024E-06  6.2206E-06  6.1988E-06  6.2324E-06  6.2546E-06
       6.2836E-06  6.3335E-06  6.3257E-06  6.3503E-06  6.3432E-06  6.3633E-06  6.3845E-06  6.3793E-06  6.4048E-06  6.4387E-06
       6.4353E-06  6.4807E-06  6.4669E-06  6.4665E-06  6.5105E-06  6.5684E-06  6.5461E-06  6.5565E-06  6.5892E-06  6.6024E-06
       6.6193E-06  6.6530E-06  6.6756E-06  6.6884E-06  6.7030E-06  6.7481E-06  6.7762E-06  6.8178E-06  6.8736E-06  6.9234E-06
       6.9866E-06  7.0258E-06  7.0788E-06  7.0535E-06  6.9739E-06  6.9584E-06  6.9412E-06  6.9526E-06  7.0097E-06  7.0804E-06
       7.1517E-06  7.2249E-06  7.2387E-06  7.2711E-06  7.2711E-06  7.2145E-06  7.0927E-06  6.9955E-06  6.9787E-06  6.9951E-06
       7.0590E-06  7.1035E-06  7.2272E-06  7.2870E-06  7.2762E-06  7.2830E-06  7.2330E-06  7.1171E-06  7.0521E-06  6.9970E-06
       7.0179E-06  7.0617E-06  7.1467E-06  7.2456E-06  7.2388E-06  7.3092E-06  7.2548E-06  7.1967E-06  7.1284E-06  7.1023E-06
       7.0606E-06  7.0612E-06  7.0782E-06  7.1566E-06  7.1898E-06  7.2296E-06  7.2809E-06  7.2782E-06  7.2369E-06  7.1950E-06
       7.1514E-06  7.0523E-06  7.0337E-06  7.0333E-06  7.0951E-06  7.1764E-06  7.2213E-06  7.2503E-06  7.2355E-06  7.2203E-06
       7.1744E-06  7.0941E-06  7.0335E-06  7.0484E-06  7.0653E-06  7.0616E-06  7.1242E-06  7.1793E-06  7.2353E-06  7.2437E-06
       7.2670E-06  7.1796E-06  7.1065E-06  7.0576E-06  6.9966E-06  7.0244E-06  7.0475E-06  7.1066E-06  7.1319E-06  7.1720E-06
       7.2101E-06  7.2186E-06  7.1920E-06  7.1340E-06  7.0546E-06  7.0599E-06  7.0495E-06  7.0715E-06  7.0680E-06  7.1348E-06
       7.1942E-06  7.1880E-06  7.1992E-06  7.1723E-06  7.1622E-06  7.1177E-06  7.1074E-06  7.0512E-06  7.0700E-06  7.1158E-06
       7.1253E-06  7.1499E-06  7.1726E-06  7.1955E-06  7.1788E-06  7.1825E-06  7.1576E-06  7.1189E-06  7.0972E-06  7.1178E-06
       7.1079E-06  7.1326E-06  7.1845E-06  7.2103E-06  7.2248E-06  7.2029E-06  7.1735E-06  7.1494E-06  7.1240E-06  7.0928E-06
       7.1176E-06  7.0882E-06  7.0857E-06  7.1317E-06  7.1701E-06  7.1999E-06  7.2215E-06  7.2457E-06  7.1947E-06  7.1659E-06
       7.1462E-06  7.1120E-06  7.1071E-06  7.1590E-06  7.2108E-06  7.2140E-06  7.2378E-06  7.2175E-06  7.2352E-06  7.2227E-06
       7.1906E-06  7.1627E-06  7.1379E-06  7.1343E-06  7.1537E-06  7.1537E-06  7.1766E-06  7.1952E-06  7.2010E-06  7.2225E-06
       7.2170E-06  7.1531E-06  7.1678E-06  7.1474E-06  7.1415E-06  7.1246E-06  7.1059E-06  7.1430E-06  7.1788E-06  7.2049E-06
       7.2027E-06  7.1952E-06  7.1736E-06  7.1646E-06  7.1975E-06  7.1510E-06  7.1346E-06  7.1430E-06  7.1896E-06  7.1887E-06
       7.2226E-06  7.2179E-06  7.1965E-06  7.1844E-06  7.1838E-06  7.1848E-06  7.1089E-06  7.1108E-06  7.0963E-06  7.1270E-06
       7.1556E-06  7.1938E-06  7.1772E-06  7.2057E-06  7.1925E-06  7.1513E-06  7.1686E-06  7.1496E-06  7.1564E-06  7.1308E-06
       7.1754E-06  7.1653E-06  7.1414E-06  7.1717E-06  7.1833E-06  7.2075E-06  7.1409E-06  7.0988E-06  7.1136E-06  7.1108E-06
       7.1152E-06  7.1125E-06  7.1478E-06  7.1156E-06  7.1481E-06  7.1755E-06  7.1930E-06  7.1371E-06  7.1119E-06  7.1114E-06
       7.0969E-06  7.0581E-06  7.0567E-06  7.0730E-06  7.1111E-06  7.1449E-06  7.1353E-06  7.1182E-06  7.1228E-06  7.1466E-06
       7.1421E-06  7.0906E-06  7.1112E-06  7.0979E-06  7.1127E-06  7.1260E-06  7.1638E-06  7.1637E-06  7.1502E-06  7.1619E-06
       7.1629E-06  7.1545E-06  7.1059E-06  7.0956E-06  7.0925E-06  7.1094E-06  7.1349E-06  7.1312E-06  7.1555E-06  7.1272E-06
       7.1306E-06  7.1867E-06  7.1203E-06  7.0870E-06  7.1157E-06  7.1448E-06  7.1493E-06  7.1531E-06  7.1357E-06  7.1520E-06
       7.1506E-06  7.1795E-06  7.1537E-06  7.1287E-06  7.1156E-06  7.1427E-06  7.1238E-06  7.0979E-06  7.0868E-06  7.0936E-06
       7.1197E-06  7.1692E-06  7.1565E-06  7.1482E-06  7.1487E-06  7.1653E-06  7.1267E-06  7.1112E-06  7.0904E-06  7.0845E-06
       7.1181E-06  7.1053E-06  7.1383E-06  7.1363E-06  7.1441E-06  7.1488E-06  7.0978E-06  7.1056E-06  7.0948E-06  7.1014E-06
       7.1068E-06  7.0913E-06  7.1189E-06  7.1058E-06  7.1321E-06  7.1415E-06  7.0979E-06  7.1138E-06  7.0912E-06  7.0974E-06
       7.1280E-06  7.1217E-06  7.1369E-06  7.1390E-06  7.1133E-06  7.1074E-06  7.1163E-06  7.1015E-06  7.1069E-06  7.0989E-06
       7.1045E-06  7.1045E-06  7.0973E-06  7.1074E-06  7.1046E-06  7.0682E-06  7.1002E-06  7.0943E-06  7.1141E-06  7.1192E-06
       7.1215E-06  7.1260E-06  7.1187E-06  7.1395E-06  7.1021E-06  7.0746E-06  7.0721E-06  7.0862E-06  7.0962E-06  7.1122E-06
       7.1204E-06  7.1414E-06  7.1415E-06  7.1128E-06  7.1136E-06  7.1042E-06  7.1291E-06  7.1546E-06  7.1300E-06  7.1607E-06
       7.1931E-06  7.1870E-06  7.2004E-06  7.1763E-06  7.2211E-06  7.1830E-06  7.1676E-06  7.1516E-06  7.1391E-06  7.1517E-06
       7.1617E-06  7.1642E-06  7.1681E-06  7.1834E-06  7.1528E-06  7.1294E-06  7.1360E-06  7.1285E-06  7.1383E-06  7.1397E-06
       7.1596E-06  7.1243E-06  7.1835E-06  7.1797E-06  7.1821E-06  7.1592E-06  7.1548E-06  7.1385E-06  7.1033E-06  7.1257E-06
       7.1419E-06  7.1600E-06  7.1874E-06  7.1838E-06  7.1915E-06  7.1639E-06  7.1939E-06  7.1777E-06  7.1853E-06  7.1509E-06
       7.1572E-06  7.1593E-06  7.1971E-06  7.1668E-06  7.1667E-06  7.1728E-06  7.1563E-06  7.1463E-06  7.1468E-06  7.1701E-06
       7.1933E-06  7.1818E-06  7.1465E-06  7.1625E-06  7.1534E-06  7.1481E-06  7.1701E-06  7.1766E-06  7.1880E-06  7.1535E-06
       7.1829E-06  7.1585E-06  7.1551E-06  7.1467E-06  7.1717E-06  7.1545E-06  7.1628E-06  7.1386E-06  7.1370E-06  7.1539E-06
       7.1763E-06  7.2091E-06  7.2016E-06  7.2218E-06  7.2458E-06  7.2179E-06  7.2444E-06  7.2223E-06  7.2067E-06  7.1759E-06
       7.2279E-06  7.2023E-06  7.2178E-06  7.2065E-06  7.1986E-06  7.1828E-06  7.1939E-06  7.1990E-06  7.1870E-06  7.1621E-06
       7.1741E-06  7.1926E-06  7.1925E-06  7.1766E-06  7.1698E-06  7.1146E-06  7.1572E-06  7.1500E-06  7.1356E-06  7.1657E-06
       7.1573E-06  7.1468E-06  7.1417E-06  7.1056E-06  7.0936E-06  7.1333E-06  7.0953E-06  7.0905E-06  7.0974E-06  7.0294E-06
       7.0347E-06  6.9784E-06  6.9563E-06  6.8766E-06  6.8590E-06  6.7646E-06  6.6927E-06  6.6023E-06  6.4716E-06  6.3127E-06
       6.1722E-06  5.9765E-06  5.7496E-06  5.5815E-06  5.3493E-06  5.0187E-06  4.7485E-06  4.3794E-06  4.0163E-06  3.6564E-06
       3.3337E-06  2.9432E-06  2.5389E-06  2.1968E-06  1.9190E-06  1.6258E-06  1.3181E-06  1.0917E-06  8.4894E-07  6.6070E-07
       5.0176E-07  3.8433E-07  2.5274E-07  1.8192E-07  1.4020E-07  9.2345E-08  7.7451E-08  4.9981E-08  3.0671E-08  1.9386E-08
       1.3980E-08  1.2772E-08  6.9055E-09  2.8536E-09  1.4152E-09  1.6536E-09  2.6157E-09  2.0336E-09  2.7318E-09  2.4201E-09
       2.3527E-09  3.0191E-09  3.6325E-09  1.4732E-09  1.6745E-09  1.4812E-09  2.4040E-09  2.7080E-09  1.7270E-09  1.5395E-09
       8.8315E-10  1.1968E-09  2.8999E-09  1.7254E-09  1.4127E-09  1.2341E-09  1.5012E-09  1.3857E-09  7.7418E-09  7.8156E-09
       2.4943E-09  6.5909E-09  7.2245E-09  5.5402E-09  9.6321E-10  1.3353E-09  2.8753E-09  1.8198E-09  1.6409E-09  1.9536E-09
       3.0090E-09  1.0331E-09  1.6986E-09  2.6103E-09  1.5500E-09  8.5158E-10  7.5690E-10  1.0158E-09  9.7647E-10  1.2354E-09
       9.9895E-10  3.2417E-09  3.2658E-09  9.1082E-10  1.6663E-09  1.9184E-09  1.0172E-09  4.1276E-09  1.9556E-09  2.8918E-09
       1.6712E-09  1.2807E-09  1.4837E-09  1.5558E-09  1.9062E-09  1.8340E-09  2.1121E-09  9.8031E-10  1.1884E-09  2.5732E-09
       1.0275E-09  2.9070E-09  2.1457E-09  3.6214E-09  5.2475E-09  8.6486E-10  2.1187E-09  1.3123E-09  1.9671E-09  2.1820E-09
       1.6521E-09  1.4717E-09  9.7754E-10  9.3022E-10  2.8435E-09  1.3981E-09  9.9066E-10  2.5695E-09  3.6441E-09  1.6103E-09
       7.1988E-10  2.9261E-09  2.3593E-09  1.3085E-09  1.0187E-09  7.4843E-10  1.0060E-09  8.4800E-10  6.5851E-10  9.0115E-10
       2.2566E-09  9.0373E-10  1.3464E-09  1.5831E-09  1.6057E-09  1.6267E-09  1.8688E-09  2.5321E-09  1.8694E-09  1.7545E-09
       1.1583E-09  1.7658E-09  3.6112E-09  9.7229E-10  1.0115E-09  1.3447E-09  1.3462E-09  3.7280E-09  2.5801E-09  1.1337E-09
       2.8667E-09  1.3508E-09  3.5266E-09  2.3156E-09  1.4028E-09  1.1593E-09  1.0174E-09  1.4497E-09  1.9892E-09  2.6462E-09
       1.0019E-09  1.7128E-09  1.0332E-09  9.5294E-10  1.2704E-09  8.4174E-10  2.1979E-09  2.1243E-09  1.5858E-09  1.3884E-09
       1.3746E-09  1.5442E-09  1.7858E-09  3.3272E-09  2.3336E-09  2.5539E-09  3.1086E-09  1.7668E-09  2.4364E-09  1.5026E-09
       1.8149E-09  2.2503E-09  2.1580E-09  9.0278E-10  1.0779E-09  1.6314E-09  7.9858E-10  2.2276E-09  1.0225E-09  9.6198E-10
       1.2271E-09  1.2486E-09  2.3594E-09  2.3027E-09  4.0383E-09  2.9571E-09  2.4316E-09  1.7248E-09  2.0137E-09  3.3320E-09
       1.0350E-09  1.1152E-09  1.9672E-09  8.3134E-10  8.0145E-10  1.1280E-09  8.7230E-10  9.5801E-10  7.5679E-10  1.0763E-09
       1.8298E-09  1.3678E-09  1.6296E-09  9.6981E-10  1.0785E-09  1.1219E-09  1.1624E-09  1.8067E-09  4.2179E-09  1.6432E-09
       1.8842E-09  1.6887E-09  1.2468E-09  1.2126E-09  3.7698E-09  2.2408E-09  1.9247E-09  9.9661E-10  1.1920E-09  3.8093E-09
       2.0361E-09  2.3555E-09  3.5965E-09  5.6501E-09  1.7496E-09  1.5560E-09  1.7339E-09  1.6803E-09  1.1288E-09  1.6777E-09
       2.0618E-09  2.2198E-09  4.4621E-09  3.1914E-09  2.8202E-09  7.5580E-09  1.8575E-09  2.7650E-09  1.7234E-09  1.7970E-09
       1.7682E-09  1.9970E-09  2.9878E-09  3.5876E-09  2.4571E-09  2.9229E-09  2.3891E-09  2.0924E-09  1.7626E-09  2.5009E-09
       9.9672E-10  1.0808E-09  1.0163E-09  1.3037E-09  1.1101E-09  1.4469E-09  1.4709E-09  1.7195E-09  1.7951E-09  1.5119E-09
       2.0188E-09  2.0031E-09  5.1340E-09  1.2628E-09  1.5613E-09  1.6706E-09  2.6002E-09  2.9577E-09  1.7649E-09  1.7806E-09
       1.8803E-09  2.3411E-09  9.8771E-10  7.9736E-10  1.0200E-09  7.5812E-10  1.0789E-09  1.5410E-09  1.9684E-09  1.5836E-09
       9.6116E-10  7.8153E-10  1.9607E-09  1.1736E-09  9.6442E-10  9.1201E-10  1.2838E-09  1.5792E-09  2.0176E-09  1.5732E-09
       2.8387E-09  1.4380E-09  1.8410E-09  1.5978E-09  1.8044E-09  2.1342E-09  2.6842E-09  1.2041E-09  2.4502E-09  2.5161E-09
       1.8377E-09  1.9292E-09  1.4842E-09  1.7285E-09  2.8834E-09  2.9575E-09  3.3985E-09  1.5468E-09  1.3486E-09  1.5710E-09
       1.5764E-09  1.6702E-09  1.5701E-09  3.0376E-09  2.7676E-09  1.9418E-09  2.3847E-09  1.9944E-09  2.0830E-09  2.5008E-09
       1.9806E-09  1.9087E-09  1.9808E-09  2.3618E-09  3.7071E-09  1.4269E-09  1.3350E-09  1.3182E-09  2.1588E-09  8.8637E-10
       2.5738E-09  9.3514E-10  3.3439E-09  2.9691E-09  3.4760E-09  1.0187E-09  3.1894E-09  2.7101E-09  3.0553E-09  2.5317E-09
       2.5256E-09  1.9045E-09  1.9264E-09  1.5457E-09  1.4806E-09  1.5913E-09  2.1117E-09  2.4370E-09  1.9365E-09  1.7957E-09
       1.5053E-09  1.2191E-09  2.5793E-09  1.4527E-09  1.2762E-09  1.5605E-09  2.2046E-09  4.3660E-09  2.1268E-09  3.9399E-09
       2.3608E-09  1.6311E-09  1.4331E-09  1.0972E-09  1.7482E-09  9.2855E-10  1.0640E-09  9.5131E-10  1.2177E-09  1.1775E-09
       1.5454E-09  2.2436E-09  3.2217E-09  1.4946E-09  1.1931E-09  1.2458E-09  1.4552E-09  1.2022E-09  9.9245E-10  1.2191E-09
       1.7214E-09  2.6596E-09  3.3656E-09  1.2500E-09  1.2957E-09  1.0781E-09  9.3392E-10  1.3992E-09  1.0067E-09  1.0802E-09
