8.189983599818623 0.9412743913781983 0.03857598577387704
10.271090336606308 0.9401691878523917 0.03924089166678829
12.396121590181929 0.939775185141206 0.039466214788637204
14.47608412826891 0.9395389238326469 0.03959911293974538
16.557190865056597 0.9387949306228641 0.040029749014564645
18.681268619714963 0.9382172007572267 0.04035871858680744
20.719022939065063 0.9373854410525659 0.040837971748427786
22.843672793073786 0.936291919302447 0.04146982614867571
24.881236412640426 0.9343681379851834 0.042587302025745205
26.96196174986121 0.9307796886509536 0.044678666992142
29.086611603869933 0.9223260317965908 0.049728355874120306
31.211261457878656 0.9979842814013642 0.0013972740919173967
35.373284231670574 0.9999567533599654 3.112486911762423e-05
37.71622177113483 0.9999692360603879 2.1924028149050167e-05
39.66746195539319 0.9999601161924688 2.8657156943291015e-05
