8.142435787145141 0.7888674454341549 0.11965831204457399
10.266132142236613 0.7844347391265989 0.12165905490993706
12.348573777508443 0.7826005621656691 0.12244069676010581
14.428536315595432 0.7815164862904813 0.12289505319226005
16.510215151733462 0.7782363124500004 0.12430117578748114
18.636009204442885 0.7756177293323497 0.12540303553934792
20.715399643179516 0.7719673619578089 0.12694874154767916
22.7961249804003 0.7672290004922814 0.12894810231286932
24.878375915888682 0.7591547918191996 0.13233954593597053
26.957003555491518 0.744211657995129 0.13852602803124206
29.08146270971679 0.7131461928521663 0.15135493868693042
31.20649396329241 0.9923828020317151 0.004830975675876571
35.50562988138473 0.9998592856979939 0.00010160634899903439
37.586545918388964 0.9999076870166691 6.577928366143455e-05
39.71119577239769 0.9998803158662849 8.598461051850508e-05
