8.160109117980351 0.869572747661617 0.07955126499496376
10.224422436517042 0.8669059490932496 0.08094917899208301
12.386660812797071 0.8658616779697216 0.08146722338308465
14.40310486466976 0.8652398613612845 0.08177066125072151
16.42064217875011 0.8637050823353696 0.08253844929854522
18.5816311125071 0.8618242544210589 0.08346937103482534
20.694282238653944 0.859694890915702 0.0845287814884966
22.76031354065982 0.8569159391051511 0.08591235074159725
24.874057929014313 0.8521198405476189 0.08830503289018822
26.93821506723563 0.8431929407018508 0.09274653789122414
29.003309287349225 0.8234912041385123 0.1027293011855353
31.069340589355107 0.9953922180920554 0.003057123087146547
35.394129702545925 0.9999134973189207 6.225268017878744e-05
37.50818645153119 0.9999384650656528 4.3850456231021503e-05
39.525099044350014 0.9999202214803992 5.731869449131113e-05
