8.137668292558894 0.6160640081206927 0.18548941703814045
10.261555347433818 0.608377764416563 0.18773157808915114
12.342471384438051 0.6049928102167237 0.1886412010609595
14.423387421442287 0.603013664014381 0.1891598587229686
16.590626893754795 0.5971158262799929 0.19072798534763746
18.629525411805588 0.5923850443094663 0.1919440588351395
20.75284036733016 0.5858973489533107 0.1935986310902547
22.83242150585025 0.5775583599750156 0.1956726358445261
24.914291041771726 0.5636245219241875 0.19900707101197884
26.99558847834286 0.5383236126314046 0.20459106209287894
29.07650451534709 0.4909083391510773 0.21376344971998143
31.201726468706163 0.9856345274152248 0.008292719750129423
35.548982298822324 0.9997654038663102 0.00016937590623947884
37.54319350095138 0.9998461097594418 0.00010964413423369498
39.667652655176646 0.9998004719419064 0.0001433295695037918
