8.119860912251996 0.7031330641522686 0.15580395839111968
10.241426331219744 0.6969635993974928 0.15811677592591733
12.317856412354265 0.6943161375500246 0.15904716464747515
14.439012749710232 0.6927607919411268 0.15958350143651487
16.47023931274289 0.6889804777290567 0.1609107673146026
18.59119110929297 0.6843561231748696 0.16250627866537187
20.668030272039275 0.6791905275932675 0.16428138318356106
22.744051271562014 0.6725181200727623 0.1665494514357823
24.865412149723873 0.6612645609100497 0.17031388243956558
26.851435194654663 0.6406117439433344 0.17697830032223735
29.017454148769346 0.5999325053128222 0.18955794855318228
31.13922410854299 0.9891097268946882 0.006594880740423321
35.386036680984525 0.999826957044821 0.00012451711935069042
37.46226222131316 0.9998679321503012 9.437945459241979e-05
39.62916751892003 0.9998403993526223 0.00011465490289819366
