8.172629919524693 0.45010015547316135 0.2197537254828274
10.251829658477876 0.44051261972943384 0.22072336439523974
12.33312709504901 0.43614067831544445 0.22105567451428118
14.456060651006682 0.4336021975205469 0.2212285007224193
16.536404588660567 0.42612360383282355 0.22173056816418263
18.6177020252317 0.420138558520425 0.22206134242291456
20.699380861369733 0.4120398838438045 0.22245141320151826
22.822886516677755 0.4017400592730443 0.22281846067919864
24.90208625563094 0.38483977997663876 0.22310214212651333
26.983955791552425 0.35496590366405456 0.22256195304604562
29.105935848592843 0.303950591045662 0.21867295481418572
31.24279048874235 0.9778172817647687 0.0115368141230111
35.41835294715921 0.9996970761949554 0.00021793578781631988
37.630089035610006 0.9997845042956849 0.00015351857519298767
39.667652655176646 0.9997205844393027 0.00020069201688133095
