8.1323286986223 0.530861532654799 0.2070539680246931
10.25697855263102 0.5220120157961448 0.20882937228887408
12.380293508155594 0.5180380167300639 0.20953282507045679
14.41881062663949 0.5157233344420541 0.20992603625738987
16.54307908108131 0.5088660593569199 0.2111003555219806
18.667347535523128 0.5033687932130064 0.211986060887061
20.704339055739432 0.49588123902875236 0.21315877652636614
22.8291796095316 0.4863065123740995 0.2145697104285704
24.86674322909824 0.47045203941357594 0.21668573703068572
26.989867484839365 0.44202345496150197 0.21973220873540192
29.07021142249325 0.39120148891336337 0.22303420889215972
31.24393468744305 0.9819133228055423 0.00992772938119344
35.37480982993817 0.9997403791997357 0.0001867932999584677
37.67286935369724 0.9998153105529438 0.00013158015620691593
39.66746195539319 0.9997605336366341 0.00017200860820756726
