8.094747655993768 0.3756715957355641 0.22370370984830926
10.257610753535321 0.3657856772568244 0.2236356488054041
12.370886600943681 0.3612209069078896 0.22347922484988972
14.38733065281637 0.3585774650126566 0.22336491192706534
16.5974382957604 0.3508321519429159 0.22300503427329146
18.566950162861367 0.3446497181083649 0.22263147891969753
20.728251457249115 0.33633805355209667 0.22204732773467908
22.79178387420891 0.3258284763834493 0.22113946723552147
24.8560971927456 0.30874480502374935 0.2192493742616029
26.9211914128592 0.27902121306200117 0.21464589713475288
28.983630567611335 0.23332680601956793 0.20404098646217245
31.150398173037388 0.9731500292934652 0.013170482140087316
35.298234988902536 0.9996537638056863 0.00024908120445268423
37.459536283290284 0.9997356948308367 0.0001888358274139632
39.62114993830879 0.9996806243524101 0.0002293797933962534
