8.154322740313512 0.25008336816556576 0.20912540682166622
10.235429477101194 0.24075794741334086 0.20680975067707083
12.361032830027165 0.23636619399574202 0.20557134114422632
14.441186067897599 0.23383385589165223 0.20482764668144224
16.565454522339422 0.22649618751801895 0.20261571328037312
18.602255342772267 0.22068087338655248 0.20075203323456978
20.725570298296837 0.21296518427052402 0.1981570888788645
22.80572353616727 0.20333170339306073 0.19468493155561845
24.84328715573392 0.18797921009471952 0.1885941549751677
27.00785683107813 0.15412824208234976 0.1724535478233052
29.086103071114067 0.12379155936418847 0.15465946543047865
31.17865179490874 0.9609735140599157 0.016727364484033926
35.46189606438024 0.999567110884682 0.00031138081529203206
37.58635521860552 0.9996920432280811 0.00021934820837459648
39.71119577239769 0.9996006715199409 0.0002867684414298184
