8.15054203313561 0.15713796816253792 0.17450130306812964
10.271562009954318 0.1494066913364206 0.17046081043535755
12.347923910820205 0.14570810516824806 0.1683732534182535
14.423467648462532 0.14358288304981717 0.16714172217194975
16.49976136905979 0.13861245500224675 0.16421090878696973
18.621326788027545 0.13271628206210048 0.16058938143813845
20.697825049430698 0.12646090184239314 0.1565893188060676
22.773709688416176 0.11875893950958427 0.1514090806375763
24.895411467921186 0.10674482194175121 0.14272969533114005
26.92568350719302 0.08737915838926442 0.1270216169643168
29.04615804186269 0.061070079757850365 0.10170425017548135
31.173723324469897 0.9421600319811204 0.021025960705207125
35.38590032044726 0.9994804204587242 0.0003736921149413384
37.552328356173724 0.9996303672785511 0.0002632466048293737
39.67450739755915 0.9995206751592232 0.0003441745352650578
