8.081030456874304 0.0934935290932009 0.13243741785537544
10.206252410233374 0.08772532520141005 0.12765984652196818
12.332809262076593 0.08492773734391039 0.12519900901144268
14.456124217601163 0.0833251090099173 0.12375893127737164
16.536658855038503 0.07879138327806343 0.11960624595152451
18.616239993558587 0.07526840066848253 0.11626697305613871
20.740699147783857 0.07072421720166824 0.11182527912073337
22.819898886737043 0.06521323982762338 0.10620144571646198
24.900814923741272 0.05681277067631245 0.09708557724467695
26.979251863560656 0.04386422852386055 0.08155303162284389
29.09913422298314 0.02787519268472103 0.05928173266791047
31.217808817110424 0.9111054998907089 0.02646644189136385
35.373284231670574 0.9993936925497993 0.0004360150858745187
37.62989833582655 0.9995686631469357 0.00030715457528397944
39.66746195539319 0.9994406352902672 0.00040159805784879333
