8.102634761920466 0.052831400910615396 0.09259486961171114
10.16710426077254 0.04889717860832706 0.08801694798119519
12.279130665657863 0.04696429947482449 0.08564785099071752
14.295887078161314 0.04586011365967326 0.08426881065353324
16.550740381461747 0.04277658017574953 0.08034826979544593
18.47191444095257 0.04106974310666551 0.07811968134234243
20.68170972326584 0.037399918389646965 0.07318837001169813
22.698153775138532 0.03380975744853863 0.06815582952827962
24.858361807318623 0.028470197374703785 0.06024053272328563
26.92064478175537 0.02062760614639529 0.04750183259149615
29.07929101078166 0.011850109919123981 0.03115931077725599
31.134623961183998 0.8583528309488674 0.0332903149730683
35.297141726694875 0.9993069271798851 0.0004983497105718489
39.525099044350014 0.9993605519330974 0.00045903899211626647
37.50803027121581 0.999506930840226 0.00035107211504628897
