
 *****                                                                                    *****

           DATE:  4/05/22,  TIME: 21:56:27

          Total number of particles followed         110000, for a total weight of  1.0000E+04

1
   R - Z     binning n.   3  "dose-asc  " , generalized particle n.  208
      R coordinate: from  0.0000E+00 to  5.0000E+00 cm,     1 bins ( 5.0000E+00 cm wide)
      Z coordinate: from  0.0000E+00 to  3.5000E+01 cm,   350 bins ( 1.0000E-01 cm wide)
      axis coordinates: X = 0.0000E+00, Y =  0.0000E+00 cm
      Data follow in a matrix A(ir,iz), format (1(5x,1p,10(1x,e11.4)))

      accurate deposition along the tracks requested
       4.6553E-05  4.7029E-05  4.7337E-05  4.6709E-05  4.7083E-05  4.7702E-05  4.8241E-05  4.7647E-05  4.8147E-05  4.8072E-05
       4.7788E-05  4.8087E-05  4.8031E-05  4.8721E-05  4.9460E-05  4.8808E-05  4.9336E-05  4.9745E-05  4.9574E-05  4.9690E-05
       4.9538E-05  4.9908E-05  4.9255E-05  4.9385E-05  5.0279E-05  4.9607E-05  5.0134E-05  5.0587E-05  5.0662E-05  5.0052E-05
       5.0508E-05  5.0452E-05  5.0405E-05  5.0537E-05  5.0621E-05  5.0699E-05  5.0688E-05  5.1367E-05  5.1293E-05  5.1142E-05
       5.0523E-05  5.1059E-05  5.1536E-05  5.1417E-05  5.1490E-05  5.1630E-05  5.1226E-05  5.1167E-05  5.1391E-05  5.1682E-05
       5.1295E-05  5.2416E-05  5.2911E-05  5.2526E-05  5.2609E-05  5.2858E-05  5.2027E-05  5.2698E-05  5.2617E-05  5.2449E-05
       5.2414E-05  5.2572E-05  5.2315E-05  5.2658E-05  5.2950E-05  5.3175E-05  5.2968E-05  5.2508E-05  5.2554E-05  5.3028E-05
       5.2567E-05  5.2608E-05  5.3030E-05  5.3960E-05  5.3346E-05  5.3251E-05  5.2940E-05  5.3448E-05  5.2885E-05  5.3479E-05
       5.3619E-05  5.4063E-05  5.4625E-05  5.4194E-05  5.4417E-05  5.3841E-05  5.3971E-05  5.4461E-05  5.4564E-05  5.4758E-05
       5.4115E-05  5.4500E-05  5.4062E-05  5.4402E-05  5.4809E-05  5.4560E-05  5.4820E-05  5.4525E-05  5.4658E-05  5.5148E-05
       5.5381E-05  5.5654E-05  5.5654E-05  5.5421E-05  5.5377E-05  5.5880E-05  5.6574E-05  5.6449E-05  5.6089E-05  5.5758E-05
       5.5347E-05  5.5406E-05  5.5847E-05  5.6639E-05  5.6134E-05  5.6017E-05  5.6653E-05  5.6551E-05  5.7088E-05  5.6647E-05
       5.6578E-05  5.6778E-05  5.7183E-05  5.6835E-05  5.6967E-05  5.6752E-05  5.6854E-05  5.6994E-05  5.7598E-05  5.7605E-05
       5.7690E-05  5.7702E-05  5.8355E-05  5.7936E-05  5.7211E-05  5.7599E-05  5.7340E-05  5.7928E-05  5.8276E-05  5.8390E-05
       5.7857E-05  5.8155E-05  5.8752E-05  5.9215E-05  5.9354E-05  5.8922E-05  5.9206E-05  5.8359E-05  5.8726E-05  5.8937E-05
       5.8947E-05  5.9199E-05  5.9097E-05  5.8829E-05  5.9100E-05  5.9271E-05  5.9868E-05  6.0109E-05  5.9918E-05  6.0073E-05
       6.0370E-05  5.9939E-05  6.0747E-05  6.1796E-05  6.1352E-05  6.1146E-05  6.0815E-05  6.1093E-05  6.1678E-05  6.1137E-05
       6.1641E-05  6.1206E-05  6.1732E-05  6.1830E-05  6.2641E-05  6.2156E-05  6.2527E-05  6.3680E-05  6.3332E-05  6.3263E-05
       6.4004E-05  6.4025E-05  6.4059E-05  6.4275E-05  6.4366E-05  6.5077E-05  6.5153E-05  6.4963E-05  6.5333E-05  6.5618E-05
       6.5727E-05  6.5705E-05  6.5901E-05  6.6774E-05  6.6720E-05  6.7874E-05  6.7479E-05  6.7928E-05  6.8329E-05  6.8682E-05
       6.8925E-05  7.0107E-05  7.0613E-05  7.1077E-05  7.2142E-05  7.2394E-05  7.2738E-05  7.3598E-05  7.3476E-05  7.3785E-05
       7.4903E-05  7.5423E-05  7.5571E-05  7.6054E-05  7.6074E-05  7.5305E-05  7.6052E-05  7.5875E-05  7.5772E-05  7.5767E-05
       7.6053E-05  7.6460E-05  7.6106E-05  7.5613E-05  7.6033E-05  7.4891E-05  7.5109E-05  7.5119E-05  7.4481E-05  7.4875E-05
       7.4946E-05  7.5115E-05  7.4509E-05  7.4910E-05  7.4243E-05  7.4270E-05  7.4768E-05  7.4575E-05  7.5031E-05  7.5382E-05
       7.4946E-05  7.4344E-05  7.3956E-05  7.4041E-05  7.4598E-05  7.4840E-05  7.4211E-05  7.3868E-05  7.3950E-05  7.4019E-05
       7.4155E-05  7.3502E-05  7.4044E-05  7.3513E-05  7.3762E-05  7.4246E-05  7.3670E-05  7.3499E-05  7.3996E-05  7.3715E-05
       7.4152E-05  7.4103E-05  7.3903E-05  7.4229E-05  7.4234E-05  7.3314E-05  7.3720E-05  7.3803E-05  7.3848E-05  7.4278E-05
       7.4731E-05  7.3972E-05  7.4229E-05  7.5223E-05  7.5355E-05  7.5336E-05  7.5387E-05  7.5719E-05  7.6208E-05  7.4565E-05
       7.4593E-05  7.4267E-05  7.3977E-05  7.3223E-05  7.2607E-05  7.1470E-05  7.0088E-05  6.6233E-05  6.1503E-05  5.7628E-05
       5.2647E-05  4.6892E-05  4.1067E-05  3.7244E-05  3.2801E-05  2.7787E-05  2.2539E-05  1.7528E-05  1.3292E-05  9.0991E-06
       6.1180E-06  3.8946E-06  2.2106E-06  1.2553E-06  5.3116E-07  1.8851E-07  9.7282E-08  7.8978E-08  9.5069E-08  8.0247E-08
       6.1479E-08  8.9957E-08  7.6758E-08  9.2641E-08  1.4423E-07  1.2629E-07  1.3237E-07  1.4437E-07  1.1109E-07  6.1841E-08
       7.3757E-08  4.8492E-08  6.5716E-08  4.1233E-08  8.1700E-08  9.5160E-08  3.4981E-08  4.5219E-08  4.3188E-08  5.0812E-08
       3.2037E-08  5.5585E-08  4.3762E-08  3.2144E-08  5.5776E-08  4.7831E-08  4.1574E-08  6.4139E-08  5.5935E-08  8.1180E-08
       6.7946E-08  1.1443E-07  1.2327E-07  1.3186E-07  6.4983E-08  8.2622E-08  7.9173E-08  9.1357E-08  7.9609E-08  8.6737E-08
