
 *****                                                                                    *****

           DATE:  4/05/22,  TIME: 22:17:28

          Total number of particles followed         110000, for a total weight of  1.0000E+04

1
   R - Z     binning n.   3  "dose-asc  " , generalized particle n.  208
      R coordinate: from  0.0000E+00 to  5.0000E+00 cm,     1 bins ( 5.0000E+00 cm wide)
      Z coordinate: from  0.0000E+00 to  3.5000E+01 cm,   350 bins ( 1.0000E-01 cm wide)
      axis coordinates: X = 0.0000E+00, Y =  0.0000E+00 cm
      Data follow in a matrix A(ir,iz), format (1(5x,1p,10(1x,e11.4)))

      accurate deposition along the tracks requested
       4.6258E-05  4.6507E-05  4.6913E-05  4.6796E-05  4.7245E-05  4.7300E-05  4.7257E-05  4.7691E-05  4.7652E-05  4.7651E-05
       4.8001E-05  4.8424E-05  4.8231E-05  4.8422E-05  4.8853E-05  4.8794E-05  4.8775E-05  4.8646E-05  4.8573E-05  4.9223E-05
       4.9125E-05  4.9444E-05  4.9427E-05  5.0090E-05  4.9832E-05  4.9963E-05  5.0076E-05  4.9670E-05  5.0164E-05  5.0596E-05
       5.0580E-05  5.0716E-05  5.0890E-05  5.0434E-05  5.1028E-05  5.0777E-05  5.1103E-05  5.1647E-05  5.0607E-05  5.1081E-05
       5.1385E-05  5.1158E-05  5.1545E-05  5.1184E-05  5.1712E-05  5.1935E-05  5.1700E-05  5.1476E-05  5.1370E-05  5.1483E-05
       5.1460E-05  5.1621E-05  5.2089E-05  5.2502E-05  5.1857E-05  5.2098E-05  5.2258E-05  5.1707E-05  5.2372E-05  5.2240E-05
       5.2059E-05  5.2737E-05  5.2791E-05  5.3424E-05  5.2937E-05  5.2529E-05  5.2434E-05  5.3585E-05  5.3103E-05  5.2942E-05
       5.3395E-05  5.3522E-05  5.2886E-05  5.3219E-05  5.3444E-05  5.3540E-05  5.3830E-05  5.3389E-05  5.2943E-05  5.3496E-05
       5.2870E-05  5.3824E-05  5.3030E-05  5.3646E-05  5.3692E-05  5.3808E-05  5.4252E-05  5.4649E-05  5.4647E-05  5.4112E-05
       5.4182E-05  5.3956E-05  5.3835E-05  5.3891E-05  5.4631E-05  5.4895E-05  5.5442E-05  5.5044E-05  5.5182E-05  5.4655E-05
       5.4694E-05  5.5068E-05  5.5283E-05  5.4886E-05  5.5218E-05  5.4919E-05  5.5230E-05  5.5548E-05  5.5525E-05  5.5609E-05
       5.5369E-05  5.5714E-05  5.6400E-05  5.5686E-05  5.6303E-05  5.5751E-05  5.6157E-05  5.6924E-05  5.6594E-05  5.6279E-05
       5.6639E-05  5.6880E-05  5.6464E-05  5.6391E-05  5.6849E-05  5.6969E-05  5.6947E-05  5.6614E-05  5.6714E-05  5.6655E-05
       5.7145E-05  5.6990E-05  5.7095E-05  5.7550E-05  5.7893E-05  5.7424E-05  5.7486E-05  5.6914E-05  5.7359E-05  5.7897E-05
       5.7865E-05  5.8088E-05  5.7844E-05  5.8443E-05  5.8833E-05  5.8370E-05  5.8119E-05  5.8296E-05  5.8938E-05  5.9292E-05
       5.8921E-05  5.9101E-05  5.9704E-05  5.9509E-05  5.9525E-05  5.9993E-05  6.0008E-05  6.0407E-05  6.0076E-05  6.0622E-05
       5.9872E-05  6.0577E-05  6.0246E-05  6.0284E-05  6.0441E-05  6.1255E-05  6.0674E-05  6.1235E-05  6.1006E-05  6.1209E-05
       6.1490E-05  6.1563E-05  6.1801E-05  6.1538E-05  6.2735E-05  6.2768E-05  6.2577E-05  6.2641E-05  6.2970E-05  6.3036E-05
       6.2914E-05  6.3106E-05  6.3345E-05  6.3910E-05  6.3858E-05  6.4309E-05  6.4545E-05  6.5110E-05  6.5323E-05  6.5512E-05
       6.5920E-05  6.6198E-05  6.6396E-05  6.6522E-05  6.7091E-05  6.7513E-05  6.7373E-05  6.8334E-05  6.8791E-05  6.9408E-05
       7.0191E-05  6.9881E-05  7.0414E-05  7.1325E-05  7.1883E-05  7.2634E-05  7.3155E-05  7.3143E-05  7.3744E-05  7.3687E-05
       7.4691E-05  7.5442E-05  7.5503E-05  7.5904E-05  7.5908E-05  7.6694E-05  7.6273E-05  7.5720E-05  7.5585E-05  7.6254E-05
       7.6477E-05  7.6202E-05  7.6462E-05  7.6183E-05  7.5550E-05  7.5808E-05  7.5455E-05  7.5685E-05  7.5781E-05  7.5799E-05
       7.5835E-05  7.5447E-05  7.5611E-05  7.4906E-05  7.4937E-05  7.4887E-05  7.5158E-05  7.4963E-05  7.5215E-05  7.4740E-05
       7.4548E-05  7.4799E-05  7.5059E-05  7.5229E-05  7.5272E-05  7.4587E-05  7.4608E-05  7.4609E-05  7.4836E-05  7.4345E-05
       7.4575E-05  7.4194E-05  7.4506E-05  7.3960E-05  7.4501E-05  7.4445E-05  7.4021E-05  7.3750E-05  7.4122E-05  7.4367E-05
       7.3972E-05  7.3792E-05  7.4310E-05  7.4677E-05  7.4830E-05  7.4421E-05  7.4637E-05  7.4456E-05  7.4249E-05  7.4492E-05
       7.5082E-05  7.5616E-05  7.5643E-05  7.5544E-05  7.5103E-05  7.4975E-05  7.5191E-05  7.5481E-05  7.5492E-05  7.5729E-05
       7.5493E-05  7.5595E-05  7.4676E-05  7.4096E-05  7.3416E-05  7.2291E-05  7.0837E-05  6.8244E-05  6.3934E-05  5.9067E-05
       5.4871E-05  4.9751E-05  4.5095E-05  3.7811E-05  3.2613E-05  2.7905E-05  2.3180E-05  1.7955E-05  1.3478E-05  9.7634E-06
       6.4204E-06  4.1433E-06  2.4194E-06  1.2970E-06  6.3267E-07  2.9483E-07  2.1431E-07  1.0128E-07  1.9517E-07  1.0388E-07
       1.0653E-07  7.7743E-08  7.2725E-08  6.7777E-08  7.1797E-08  1.0146E-07  9.6513E-08  8.9711E-08  9.0736E-08  8.6193E-08
       1.0527E-07  1.6610E-07  4.6002E-08  9.3680E-08  1.8646E-07  1.0787E-07  1.3766E-07  9.1300E-08  7.3040E-08  9.0900E-08
       9.1473E-08  5.1143E-08  8.5062E-08  1.0325E-07  7.7297E-08  6.3631E-08  5.4698E-08  1.1679E-07  8.1399E-08  9.6557E-08
       9.0427E-08  6.6628E-08  7.0429E-08  6.6745E-08  5.8012E-08  5.3070E-08  9.0859E-08  8.0057E-08  5.4168E-08  3.9644E-08
