
 *****                                                                                    *****

           DATE:  4/05/22,  TIME: 21:46:02

          Total number of particles followed         110000, for a total weight of  1.0000E+04

1
   R - Z     binning n.   3  "dose-asc  " , generalized particle n.  208
      R coordinate: from  0.0000E+00 to  5.0000E+00 cm,     1 bins ( 5.0000E+00 cm wide)
      Z coordinate: from  0.0000E+00 to  3.5000E+01 cm,   350 bins ( 1.0000E-01 cm wide)
      axis coordinates: X = 0.0000E+00, Y =  0.0000E+00 cm
      Data follow in a matrix A(ir,iz), format (1(5x,1p,10(1x,e11.4)))

      accurate deposition along the tracks requested
       4.6060E-05  4.6387E-05  4.6564E-05  4.7432E-05  4.6713E-05  4.7375E-05  4.7268E-05  4.7797E-05  4.7756E-05  4.7546E-05
       4.8188E-05  4.8433E-05  4.8743E-05  4.8659E-05  4.8601E-05  4.8867E-05  4.8523E-05  4.8727E-05  4.8878E-05  4.9198E-05
       4.9409E-05  4.9375E-05  4.9216E-05  4.9148E-05  4.9850E-05  5.0107E-05  4.9337E-05  5.0216E-05  5.0171E-05  4.9953E-05
       4.9983E-05  5.0578E-05  5.0098E-05  5.0388E-05  5.0406E-05  5.0499E-05  5.0778E-05  5.1121E-05  5.1072E-05  5.1001E-05
       5.0765E-05  5.1706E-05  5.0742E-05  5.1065E-05  5.1127E-05  5.1380E-05  5.1410E-05  5.2029E-05  5.1235E-05  5.2031E-05
       5.2205E-05  5.1870E-05  5.1505E-05  5.1162E-05  5.1899E-05  5.1720E-05  5.1537E-05  5.1794E-05  5.1765E-05  5.2030E-05
       5.2071E-05  5.2225E-05  5.1976E-05  5.1799E-05  5.2177E-05  5.2089E-05  5.2150E-05  5.2412E-05  5.2615E-05  5.2870E-05
       5.2767E-05  5.3585E-05  5.3420E-05  5.3231E-05  5.2962E-05  5.2859E-05  5.3221E-05  5.3484E-05  5.3427E-05  5.3751E-05
       5.3891E-05  5.4276E-05  5.3432E-05  5.3863E-05  5.3945E-05  5.5254E-05  5.3895E-05  5.4339E-05  5.4660E-05  5.4151E-05
       5.4149E-05  5.3939E-05  5.3743E-05  5.4167E-05  5.4270E-05  5.4337E-05  5.4391E-05  5.5132E-05  5.4898E-05  5.5013E-05
       5.5278E-05  5.4479E-05  5.5216E-05  5.5213E-05  5.4807E-05  5.5462E-05  5.4893E-05  5.5031E-05  5.5197E-05  5.5537E-05
       5.5194E-05  5.5325E-05  5.5538E-05  5.5510E-05  5.5492E-05  5.6184E-05  5.5739E-05  5.5528E-05  5.5799E-05  5.6361E-05
       5.6010E-05  5.6310E-05  5.6280E-05  5.6717E-05  5.6766E-05  5.6770E-05  5.6799E-05  5.7454E-05  5.7126E-05  5.6892E-05
       5.7131E-05  5.7064E-05  5.7330E-05  5.7199E-05  5.7032E-05  5.7603E-05  5.7398E-05  5.7384E-05  5.7815E-05  5.8280E-05
       5.7793E-05  5.7683E-05  5.8130E-05  5.8387E-05  5.8171E-05  5.8600E-05  5.8487E-05  5.9024E-05  5.9440E-05  5.9043E-05
       5.8751E-05  5.8952E-05  5.8536E-05  5.9090E-05  5.9105E-05  5.9771E-05  5.9171E-05  6.0111E-05  5.9677E-05  5.9842E-05
       5.9847E-05  5.9668E-05  6.0150E-05  6.0291E-05  6.0332E-05  5.9945E-05  6.0394E-05  6.0862E-05  6.1445E-05  6.1066E-05
       6.0983E-05  6.1789E-05  6.1589E-05  6.1921E-05  6.2091E-05  6.2182E-05  6.2141E-05  6.1984E-05  6.2295E-05  6.2480E-05
       6.2750E-05  6.3633E-05  6.2847E-05  6.3291E-05  6.3124E-05  6.4178E-05  6.4320E-05  6.5510E-05  6.5545E-05  6.5349E-05
       6.6005E-05  6.6002E-05  6.6027E-05  6.6699E-05  6.6590E-05  6.7175E-05  6.7943E-05  6.8153E-05  6.8263E-05  6.9009E-05
       6.8869E-05  7.0087E-05  7.0285E-05  7.1097E-05  7.1420E-05  7.1946E-05  7.2400E-05  7.3064E-05  7.2977E-05  7.3739E-05
       7.4507E-05  7.5373E-05  7.5034E-05  7.5077E-05  7.5386E-05  7.5765E-05  7.5790E-05  7.5878E-05  7.5885E-05  7.5960E-05
       7.6603E-05  7.5807E-05  7.5912E-05  7.5355E-05  7.5014E-05  7.4859E-05  7.5177E-05  7.5492E-05  7.4872E-05  7.5489E-05
       7.5649E-05  7.5111E-05  7.5035E-05  7.4657E-05  7.4660E-05  7.5133E-05  7.5052E-05  7.5696E-05  7.4894E-05  7.4718E-05
       7.4406E-05  7.4299E-05  7.4364E-05  7.4509E-05  7.4416E-05  7.4704E-05  7.3824E-05  7.4331E-05  7.4310E-05  7.4307E-05
       7.4308E-05  7.4017E-05  7.4572E-05  7.4117E-05  7.4233E-05  7.3496E-05  7.3155E-05  7.3257E-05  7.3238E-05  7.3960E-05
       7.3677E-05  7.3736E-05  7.3592E-05  7.3329E-05  7.3262E-05  7.2617E-05  7.3048E-05  7.3364E-05  7.3812E-05  7.3957E-05
       7.3951E-05  7.4452E-05  7.4085E-05  7.4683E-05  7.4739E-05  7.4835E-05  7.5399E-05  7.5699E-05  7.5565E-05  7.5271E-05
       7.4815E-05  7.3921E-05  7.3417E-05  7.1883E-05  7.0931E-05  7.0169E-05  6.8528E-05  6.6846E-05  6.3399E-05  5.9501E-05
       5.3536E-05  4.7528E-05  4.1396E-05  3.6873E-05  3.1813E-05  2.6752E-05  2.1749E-05  1.7555E-05  1.3430E-05  9.5313E-06
       5.9593E-06  3.8715E-06  1.8974E-06  1.1523E-06  6.0017E-07  3.6123E-07  2.2446E-07  8.8105E-08  6.4683E-08  8.3408E-08
       1.0570E-07  7.7575E-08  1.3112E-07  1.5340E-07  7.2656E-08  1.1153E-07  7.2787E-08  8.0406E-08  9.7370E-08  1.1891E-07
       1.0054E-07  8.4982E-08  8.3852E-08  7.6600E-08  5.8258E-08  5.5140E-08  6.3268E-08  6.0256E-08  5.1520E-08  9.7126E-08
       1.1262E-07  4.7898E-08  5.6213E-08  9.2663E-08  6.9820E-08  8.5893E-08  5.0790E-08  5.1092E-08  8.8830E-08  6.7956E-08
       5.2741E-08  7.9762E-08  7.1948E-08  7.4670E-08  3.3351E-08  5.0353E-08  5.8503E-08  2.8814E-08  4.1915E-08  3.4284E-08
