
 *****                                                                                    *****

           DATE:  4/05/22,  TIME: 22:27:55

          Total number of particles followed         110000, for a total weight of  1.0000E+04

1
   R - Z     binning n.   3  "dose-asc  " , generalized particle n.  208
      R coordinate: from  0.0000E+00 to  5.0000E+00 cm,     1 bins ( 5.0000E+00 cm wide)
      Z coordinate: from  0.0000E+00 to  3.5000E+01 cm,   350 bins ( 1.0000E-01 cm wide)
      axis coordinates: X = 0.0000E+00, Y =  0.0000E+00 cm
      Data follow in a matrix A(ir,iz), format (1(5x,1p,10(1x,e11.4)))

      accurate deposition along the tracks requested
       4.6406E-05  4.6326E-05  4.6926E-05  4.6794E-05  4.7148E-05  4.7567E-05  4.7689E-05  4.7739E-05  4.7794E-05  4.8254E-05
       4.8327E-05  4.8550E-05  4.8690E-05  4.9284E-05  4.9427E-05  4.9058E-05  4.9176E-05  4.8950E-05  4.9774E-05  4.9600E-05
       5.0188E-05  5.0066E-05  4.9755E-05  5.0116E-05  5.0187E-05  5.0669E-05  5.0585E-05  5.0777E-05  5.0442E-05  5.0071E-05
       5.0195E-05  5.0092E-05  5.0845E-05  5.0672E-05  5.1106E-05  5.1385E-05  5.0928E-05  5.1220E-05  5.1487E-05  5.1027E-05
       5.1271E-05  5.1238E-05  5.1441E-05  5.1088E-05  5.1212E-05  5.1521E-05  5.1656E-05  5.1998E-05  5.1914E-05  5.2047E-05
       5.1549E-05  5.2201E-05  5.2621E-05  5.2386E-05  5.2446E-05  5.2031E-05  5.2101E-05  5.2124E-05  5.1970E-05  5.2555E-05
       5.2253E-05  5.2443E-05  5.2793E-05  5.2171E-05  5.2705E-05  5.2825E-05  5.3829E-05  5.3297E-05  5.3511E-05  5.3081E-05
       5.2884E-05  5.3158E-05  5.3460E-05  5.3241E-05  5.4215E-05  5.3021E-05  5.3566E-05  5.4068E-05  5.4375E-05  5.4149E-05
       5.4221E-05  5.4043E-05  5.3874E-05  5.4245E-05  5.4397E-05  5.4722E-05  5.4493E-05  5.4039E-05  5.4546E-05  5.4668E-05
       5.4876E-05  5.4552E-05  5.4170E-05  5.3817E-05  5.4068E-05  5.4426E-05  5.4876E-05  5.4887E-05  5.4974E-05  5.4592E-05
       5.4788E-05  5.4934E-05  5.4667E-05  5.4996E-05  5.5372E-05  5.5191E-05  5.5148E-05  5.5236E-05  5.5434E-05  5.5404E-05
       5.5940E-05  5.5934E-05  5.6148E-05  5.5892E-05  5.6562E-05  5.5968E-05  5.6014E-05  5.6473E-05  5.6183E-05  5.7125E-05
       5.6417E-05  5.6612E-05  5.6893E-05  5.6575E-05  5.7467E-05  5.7255E-05  5.6600E-05  5.6904E-05  5.7077E-05  5.7112E-05
       5.6927E-05  5.6652E-05  5.8025E-05  5.7526E-05  5.8401E-05  5.8182E-05  5.8157E-05  5.8110E-05  5.9338E-05  5.8985E-05
       5.8354E-05  5.8703E-05  5.8682E-05  5.8699E-05  5.9194E-05  5.9291E-05  5.8680E-05  5.8712E-05  5.8951E-05  5.9225E-05
       5.8660E-05  5.9159E-05  5.9723E-05  5.9541E-05  5.8922E-05  5.9608E-05  5.9437E-05  5.9829E-05  5.9948E-05  5.9841E-05
       6.0439E-05  6.0717E-05  6.0934E-05  6.0644E-05  6.1144E-05  6.0989E-05  6.1834E-05  6.1345E-05  6.1055E-05  6.1556E-05
       6.1914E-05  6.1928E-05  6.2253E-05  6.2750E-05  6.2684E-05  6.2570E-05  6.3756E-05  6.3655E-05  6.3569E-05  6.3557E-05
       6.3546E-05  6.3789E-05  6.4351E-05  6.4302E-05  6.4307E-05  6.4879E-05  6.4958E-05  6.5315E-05  6.5415E-05  6.6356E-05
       6.6371E-05  6.6470E-05  6.7274E-05  6.6713E-05  6.6672E-05  6.7109E-05  6.7372E-05  6.8353E-05  6.8370E-05  6.9841E-05
       6.9773E-05  6.9784E-05  7.0506E-05  7.1536E-05  7.1969E-05  7.2746E-05  7.3286E-05  7.3142E-05  7.3852E-05  7.4164E-05
       7.5433E-05  7.5069E-05  7.6252E-05  7.6890E-05  7.6282E-05  7.5828E-05  7.5941E-05  7.6353E-05  7.6402E-05  7.6434E-05
       7.6744E-05  7.6802E-05  7.6215E-05  7.5822E-05  7.5318E-05  7.5123E-05  7.5296E-05  7.5603E-05  7.5869E-05  7.5682E-05
       7.5704E-05  7.5802E-05  7.5809E-05  7.6096E-05  7.6042E-05  7.5889E-05  7.5343E-05  7.5124E-05  7.5599E-05  7.5083E-05
       7.4866E-05  7.4629E-05  7.4922E-05  7.5410E-05  7.4638E-05  7.5697E-05  7.5261E-05  7.5234E-05  7.4310E-05  7.4556E-05
       7.4416E-05  7.4914E-05  7.4812E-05  7.4798E-05  7.4864E-05  7.4998E-05  7.4524E-05  7.4106E-05  7.4158E-05  7.4568E-05
       7.4789E-05  7.4380E-05  7.4533E-05  7.4515E-05  7.4688E-05  7.4675E-05  7.4495E-05  7.4384E-05  7.3870E-05  7.5463E-05
       7.5470E-05  7.5017E-05  7.5321E-05  7.5297E-05  7.5127E-05  7.5439E-05  7.5390E-05  7.5199E-05  7.5629E-05  7.5630E-05
       7.5544E-05  7.5586E-05  7.5036E-05  7.4077E-05  7.3407E-05  7.2457E-05  6.9568E-05  6.7197E-05  6.4101E-05  5.8771E-05
       5.4080E-05  4.8203E-05  4.3727E-05  3.8243E-05  3.2217E-05  2.7068E-05  2.3077E-05  1.8076E-05  1.3406E-05  9.0824E-06
       5.7228E-06  3.7544E-06  2.1017E-06  1.3859E-06  6.4109E-07  4.2119E-07  2.3637E-07  1.1917E-07  1.1178E-07  9.1376E-08
       1.0289E-07  9.0077E-08  6.4902E-08  6.8169E-08  7.3943E-08  1.2818E-07  8.2240E-08  9.3197E-08  1.4363E-07  6.0035E-08
       7.0954E-08  7.2000E-08  5.7728E-08  6.7308E-08  9.8613E-08  8.4777E-08  1.1434E-07  8.1375E-08  1.3529E-07  5.0841E-08
       6.1048E-08  7.1770E-08  6.7123E-08  7.6237E-08  7.0879E-08  6.2272E-08  9.2294E-08  6.6732E-08  1.3521E-07  1.2240E-07
       1.0677E-07  9.3101E-08  1.9321E-07  6.3791E-08  5.8125E-08  4.4378E-08  5.8250E-08  4.9544E-08  4.4046E-08  5.8751E-08
