
 *****                                                                                    *****

           DATE:  4/05/22,  TIME: 21:51:12

          Total number of particles followed         110000, for a total weight of  1.0000E+04

1
   R - Z     binning n.   3  "dose-asc  " , generalized particle n.  208
      R coordinate: from  0.0000E+00 to  5.0000E+00 cm,     1 bins ( 5.0000E+00 cm wide)
      Z coordinate: from  0.0000E+00 to  3.5000E+01 cm,   350 bins ( 1.0000E-01 cm wide)
      axis coordinates: X = 0.0000E+00, Y =  0.0000E+00 cm
      Data follow in a matrix A(ir,iz), format (1(5x,1p,10(1x,e11.4)))

      accurate deposition along the tracks requested
       4.6156E-05  4.6663E-05  4.7370E-05  4.7274E-05  4.6743E-05  4.7504E-05  4.7499E-05  4.7293E-05  4.7812E-05  4.7831E-05
       4.8749E-05  4.8960E-05  4.8201E-05  4.8533E-05  4.8853E-05  4.9134E-05  4.8782E-05  4.9722E-05  4.8816E-05  4.9252E-05
       4.9155E-05  4.9510E-05  4.9652E-05  4.9904E-05  4.9909E-05  4.9194E-05  4.9718E-05  4.9443E-05  4.9865E-05  5.0195E-05
       5.0269E-05  5.0091E-05  5.0100E-05  5.0459E-05  5.0528E-05  5.0900E-05  5.1063E-05  5.0454E-05  5.1410E-05  5.1310E-05
       5.1413E-05  5.1207E-05  5.1687E-05  5.1225E-05  5.1728E-05  5.1610E-05  5.1760E-05  5.1621E-05  5.1417E-05  5.1256E-05
       5.1712E-05  5.1893E-05  5.1723E-05  5.2422E-05  5.2397E-05  5.2782E-05  5.2924E-05  5.2274E-05  5.2475E-05  5.2628E-05
       5.3002E-05  5.2496E-05  5.2118E-05  5.3184E-05  5.2743E-05  5.2603E-05  5.2621E-05  5.2872E-05  5.3598E-05  5.3620E-05
       5.3692E-05  5.3777E-05  5.3590E-05  5.3418E-05  5.3461E-05  5.3317E-05  5.2819E-05  5.3459E-05  5.3890E-05  5.2990E-05
       5.4011E-05  5.3109E-05  5.4039E-05  5.3977E-05  5.4030E-05  5.4320E-05  5.3989E-05  5.4506E-05  5.4204E-05  5.5384E-05
       5.4522E-05  5.4341E-05  5.4140E-05  5.4128E-05  5.4427E-05  5.4013E-05  5.4233E-05  5.5202E-05  5.5173E-05  5.5610E-05
       5.4689E-05  5.5209E-05  5.4469E-05  5.5167E-05  5.5271E-05  5.5504E-05  5.5411E-05  5.5650E-05  5.5723E-05  5.5046E-05
       5.5788E-05  5.6306E-05  5.5349E-05  5.5723E-05  5.5495E-05  5.5671E-05  5.5889E-05  5.5364E-05  5.5865E-05  5.6208E-05
       5.5948E-05  5.6926E-05  5.6180E-05  5.6546E-05  5.6373E-05  5.6162E-05  5.6002E-05  5.6481E-05  5.7338E-05  5.6554E-05
       5.6661E-05  5.6944E-05  5.6704E-05  5.7501E-05  5.7490E-05  5.7206E-05  5.7528E-05  5.7273E-05  5.7541E-05  5.7992E-05
       5.8461E-05  5.7817E-05  5.8293E-05  5.8431E-05  5.8262E-05  5.8271E-05  5.8447E-05  5.8675E-05  5.7980E-05  5.8560E-05
       5.8407E-05  5.8542E-05  5.9120E-05  5.9441E-05  5.9153E-05  5.9660E-05  5.9749E-05  5.9919E-05  5.9803E-05  5.9612E-05
       5.9760E-05  5.9595E-05  6.0273E-05  6.0563E-05  6.0593E-05  6.0321E-05  6.0533E-05  6.1054E-05  6.1212E-05  6.1189E-05
       6.1421E-05  6.1862E-05  6.2198E-05  6.2218E-05  6.2107E-05  6.2453E-05  6.2626E-05  6.2737E-05  6.2626E-05  6.2526E-05
       6.3019E-05  6.3496E-05  6.3338E-05  6.3529E-05  6.3986E-05  6.4433E-05  6.4275E-05  6.5177E-05  6.5535E-05  6.5491E-05
       6.5688E-05  6.5913E-05  6.5972E-05  6.6810E-05  6.6717E-05  6.7229E-05  6.7878E-05  6.8113E-05  6.8112E-05  6.8959E-05
       6.8847E-05  6.9710E-05  7.0379E-05  7.1098E-05  7.1371E-05  7.1776E-05  7.2556E-05  7.2632E-05  7.3069E-05  7.3510E-05
       7.4278E-05  7.4466E-05  7.4869E-05  7.5388E-05  7.5170E-05  7.5642E-05  7.5952E-05  7.6217E-05  7.6429E-05  7.6170E-05
       7.6653E-05  7.5987E-05  7.5476E-05  7.5763E-05  7.5438E-05  7.5200E-05  7.5625E-05  7.5160E-05  7.5310E-05  7.5853E-05
       7.5749E-05  7.5376E-05  7.5251E-05  7.4776E-05  7.4974E-05  7.4321E-05  7.4894E-05  7.4857E-05  7.4866E-05  7.4758E-05
       7.4860E-05  7.4322E-05  7.4716E-05  7.4641E-05  7.4794E-05  7.4958E-05  7.4496E-05  7.4410E-05  7.4547E-05  7.3493E-05
       7.3483E-05  7.4201E-05  7.4367E-05  7.4197E-05  7.4618E-05  7.3999E-05  7.4139E-05  7.3696E-05  7.3632E-05  7.3294E-05
       7.3819E-05  7.3816E-05  7.3858E-05  7.3693E-05  7.3655E-05  7.3630E-05  7.4182E-05  7.4368E-05  7.4067E-05  7.4175E-05
       7.3814E-05  7.4018E-05  7.4360E-05  7.3478E-05  7.3799E-05  7.3961E-05  7.4056E-05  7.4649E-05  7.5071E-05  7.4340E-05
       7.4427E-05  7.3894E-05  7.4089E-05  7.3052E-05  7.1006E-05  6.9867E-05  6.8694E-05  6.6266E-05  6.2400E-05  5.8471E-05
       5.3368E-05  4.7997E-05  4.2355E-05  3.7678E-05  3.1771E-05  2.7095E-05  2.1368E-05  1.6648E-05  1.1992E-05  8.6457E-06
       5.7348E-06  3.4405E-06  1.8098E-06  9.7533E-07  3.7508E-07  2.6598E-07  2.7689E-07  2.0392E-07  2.0667E-07  1.6526E-07
       1.6079E-07  1.1799E-07  1.4754E-07  7.8359E-08  1.7380E-07  1.7465E-07  1.1721E-07  1.6376E-07  8.5463E-08  8.3258E-08
       9.5887E-08  1.4119E-07  1.1385E-07  1.2815E-07  1.3056E-07  1.0802E-07  1.1772E-07  8.8461E-08  7.6519E-08  7.7319E-08
       5.4231E-08  1.0567E-07  8.8561E-08  6.4026E-08  7.5777E-08  1.0570E-07  1.0171E-07  4.7693E-08  6.6801E-08  5.1549E-08
       5.5021E-08  5.8406E-08  3.0820E-08  3.3459E-08  1.0206E-07  3.1325E-08  4.4681E-08  3.2630E-08  4.4831E-08  1.3922E-07
