
 *****                                                                                    *****

           DATE:  4/05/22,  TIME: 22:06:57

          Total number of particles followed         110000, for a total weight of  1.0000E+04

1
   R - Z     binning n.   3  "dose-asc  " , generalized particle n.  208
      R coordinate: from  0.0000E+00 to  5.0000E+00 cm,     1 bins ( 5.0000E+00 cm wide)
      Z coordinate: from  0.0000E+00 to  3.5000E+01 cm,   350 bins ( 1.0000E-01 cm wide)
      axis coordinates: X = 0.0000E+00, Y =  0.0000E+00 cm
      Data follow in a matrix A(ir,iz), format (1(5x,1p,10(1x,e11.4)))

      accurate deposition along the tracks requested
       4.6359E-05  4.6636E-05  4.6632E-05  4.6937E-05  4.6890E-05  4.7188E-05  4.8280E-05  4.7671E-05  4.7388E-05  4.7948E-05
       4.7319E-05  4.8297E-05  4.8206E-05  4.8833E-05  4.9220E-05  4.8892E-05  4.8402E-05  4.8677E-05  4.9263E-05  4.9228E-05
       4.9753E-05  4.9996E-05  4.9743E-05  4.9585E-05  4.9937E-05  5.0402E-05  5.0563E-05  5.0029E-05  5.0103E-05  5.0033E-05
       5.0461E-05  5.1194E-05  5.0829E-05  5.0919E-05  5.1174E-05  5.1129E-05  5.1056E-05  5.1127E-05  5.1115E-05  5.1657E-05
       5.1602E-05  5.1414E-05  5.1064E-05  5.1657E-05  5.2196E-05  5.1520E-05  5.1767E-05  5.1652E-05  5.2141E-05  5.1801E-05
       5.1770E-05  5.1544E-05  5.1977E-05  5.1626E-05  5.1878E-05  5.1804E-05  5.1861E-05  5.2319E-05  5.2764E-05  5.2530E-05
       5.3317E-05  5.2855E-05  5.2548E-05  5.2704E-05  5.2858E-05  5.3157E-05  5.2773E-05  5.3070E-05  5.3138E-05  5.2753E-05
       5.3187E-05  5.3610E-05  5.3959E-05  5.3801E-05  5.3904E-05  5.3905E-05  5.3526E-05  5.4127E-05  5.3921E-05  5.4083E-05
       5.3978E-05  5.3337E-05  5.3448E-05  5.3973E-05  5.3430E-05  5.3865E-05  5.3299E-05  5.3631E-05  5.4367E-05  5.4049E-05
       5.4347E-05  5.4636E-05  5.3986E-05  5.4403E-05  5.4397E-05  5.4582E-05  5.4627E-05  5.4689E-05  5.4727E-05  5.5121E-05
       5.4538E-05  5.4758E-05  5.4702E-05  5.4844E-05  5.4584E-05  5.5390E-05  5.4846E-05  5.4945E-05  5.5547E-05  5.5538E-05
       5.5899E-05  5.6058E-05  5.5428E-05  5.5869E-05  5.6398E-05  5.6200E-05  5.5588E-05  5.5771E-05  5.6106E-05  5.6499E-05
       5.5971E-05  5.6590E-05  5.5983E-05  5.6078E-05  5.6605E-05  5.6391E-05  5.6452E-05  5.7029E-05  5.7109E-05  5.7371E-05
       5.7021E-05  5.6919E-05  5.6699E-05  5.7112E-05  5.7060E-05  5.7365E-05  5.7970E-05  5.7824E-05  5.7802E-05  5.7291E-05
       5.8019E-05  5.8056E-05  5.8043E-05  5.8139E-05  5.8426E-05  5.8021E-05  5.8263E-05  5.8359E-05  5.8455E-05  5.8636E-05
       5.8816E-05  5.8655E-05  5.8907E-05  5.8993E-05  5.9974E-05  5.9536E-05  5.9263E-05  6.0116E-05  5.9650E-05  5.9747E-05
       6.0047E-05  6.0821E-05  6.0631E-05  6.0905E-05  6.0739E-05  6.0619E-05  6.0958E-05  6.1768E-05  6.2113E-05  6.1345E-05
       6.2122E-05  6.2171E-05  6.2390E-05  6.1788E-05  6.2008E-05  6.2787E-05  6.3174E-05  6.2736E-05  6.3089E-05  6.3907E-05
       6.3651E-05  6.4227E-05  6.4137E-05  6.4508E-05  6.4821E-05  6.5477E-05  6.5004E-05  6.5182E-05  6.5323E-05  6.4728E-05
       6.5613E-05  6.6766E-05  6.6405E-05  6.7045E-05  6.6844E-05  6.7493E-05  6.7942E-05  6.8622E-05  6.9006E-05  6.8773E-05
       6.9069E-05  6.9910E-05  7.0198E-05  7.0849E-05  7.1223E-05  7.1795E-05  7.2599E-05  7.3165E-05  7.3664E-05  7.4035E-05
       7.4550E-05  7.4893E-05  7.5075E-05  7.5174E-05  7.5613E-05  7.5984E-05  7.5393E-05  7.5591E-05  7.6144E-05  7.6332E-05
       7.6511E-05  7.6446E-05  7.5837E-05  7.5422E-05  7.5240E-05  7.5613E-05  7.5471E-05  7.5740E-05  7.5928E-05  7.5993E-05
       7.4912E-05  7.5419E-05  7.5378E-05  7.5106E-05  7.5353E-05  7.5231E-05  7.4589E-05  7.5272E-05  7.5104E-05  7.4834E-05
       7.4192E-05  7.4248E-05  7.3996E-05  7.3854E-05  7.4163E-05  7.4629E-05  7.4187E-05  7.4373E-05  7.3758E-05  7.3252E-05
       7.3940E-05  7.4393E-05  7.3457E-05  7.3915E-05  7.3412E-05  7.3150E-05  7.3111E-05  7.2784E-05  7.3375E-05  7.3669E-05
       7.4098E-05  7.4411E-05  7.4156E-05  7.4528E-05  7.3963E-05  7.3853E-05  7.3705E-05  7.3970E-05  7.4721E-05  7.4681E-05
       7.4465E-05  7.4780E-05  7.4578E-05  7.3958E-05  7.4484E-05  7.5145E-05  7.4858E-05  7.5422E-05  7.5436E-05  7.5265E-05
       7.5318E-05  7.5473E-05  7.4663E-05  7.3780E-05  7.2655E-05  7.1134E-05  6.9512E-05  6.7098E-05  6.2266E-05  5.6878E-05
       5.2083E-05  4.6109E-05  4.0533E-05  3.6032E-05  3.1167E-05  2.5906E-05  2.2047E-05  1.7830E-05  1.3631E-05  9.2412E-06
       6.8107E-06  4.1334E-06  2.1978E-06  1.3162E-06  7.1444E-07  2.9251E-07  2.3171E-07  2.0536E-07  1.6013E-07  1.3309E-07
       1.6507E-07  6.7125E-08  1.0030E-07  6.7870E-08  6.0902E-08  6.9695E-08  1.1556E-07  1.5313E-07  7.2635E-08  2.7289E-08
       3.3074E-08  6.2882E-08  6.5830E-08  3.3965E-08  3.7407E-08  6.1979E-08  4.9738E-08  5.6819E-08  5.8771E-08  4.5760E-08
       5.1444E-08  6.7785E-08  8.4312E-08  8.2208E-08  6.3208E-08  6.1633E-08  7.0977E-08  8.3918E-08  9.8774E-08  1.1887E-07
       1.0429E-07  9.1696E-08  8.6697E-08  3.9326E-08  4.4591E-08  7.9108E-08  6.7670E-08  6.3011E-08  5.9369E-08  4.2997E-08
