
 *****                                                                                    *****

           DATE:  4/05/22,  TIME: 22:22:44

          Total number of particles followed         110000, for a total weight of  1.0000E+04

1
   R - Z     binning n.   3  "dose-asc  " , generalized particle n.  208
      R coordinate: from  0.0000E+00 to  5.0000E+00 cm,     1 bins ( 5.0000E+00 cm wide)
      Z coordinate: from  0.0000E+00 to  3.5000E+01 cm,   350 bins ( 1.0000E-01 cm wide)
      axis coordinates: X = 0.0000E+00, Y =  0.0000E+00 cm
      Data follow in a matrix A(ir,iz), format (1(5x,1p,10(1x,e11.4)))

      accurate deposition along the tracks requested
       4.6133E-05  4.6518E-05  4.6584E-05  4.6538E-05  4.6674E-05  4.6646E-05  4.6939E-05  4.7801E-05  4.7562E-05  4.7572E-05
       4.7960E-05  4.7770E-05  4.8557E-05  4.8300E-05  4.8281E-05  4.7982E-05  4.8794E-05  4.8631E-05  4.8640E-05  4.9309E-05
       4.9467E-05  4.9043E-05  4.9252E-05  4.9073E-05  5.0164E-05  5.0359E-05  5.0301E-05  5.0240E-05  5.0122E-05  5.0380E-05
       5.0264E-05  5.0002E-05  5.1020E-05  5.0414E-05  5.0342E-05  5.0627E-05  5.0795E-05  5.0319E-05  5.1127E-05  5.0737E-05
       5.1440E-05  5.1279E-05  5.0659E-05  5.1428E-05  5.1505E-05  5.1347E-05  5.1869E-05  5.1861E-05  5.2082E-05  5.1956E-05
       5.2074E-05  5.1782E-05  5.2807E-05  5.2469E-05  5.3068E-05  5.2704E-05  5.2796E-05  5.2025E-05  5.2552E-05  5.2724E-05
       5.2420E-05  5.2398E-05  5.2999E-05  5.2519E-05  5.3058E-05  5.3048E-05  5.2564E-05  5.2800E-05  5.2668E-05  5.2840E-05
       5.2840E-05  5.3511E-05  5.3809E-05  5.3679E-05  5.3449E-05  5.3905E-05  5.3238E-05  5.3207E-05  5.3688E-05  5.3364E-05
       5.3437E-05  5.3524E-05  5.3744E-05  5.3394E-05  5.3758E-05  5.3635E-05  5.3875E-05  5.3825E-05  5.4114E-05  5.3878E-05
       5.3894E-05  5.3666E-05  5.4332E-05  5.4326E-05  5.4433E-05  5.4460E-05  5.4613E-05  5.4289E-05  5.4755E-05  5.4580E-05
       5.5079E-05  5.4813E-05  5.4957E-05  5.5067E-05  5.5521E-05  5.5495E-05  5.5473E-05  5.6101E-05  5.5502E-05  5.5490E-05
       5.5569E-05  5.5797E-05  5.5778E-05  5.5433E-05  5.6079E-05  5.6269E-05  5.6060E-05  5.6549E-05  5.6628E-05  5.6514E-05
       5.6139E-05  5.6935E-05  5.6773E-05  5.6677E-05  5.6580E-05  5.7115E-05  5.7305E-05  5.7407E-05  5.7307E-05  5.7655E-05
       5.7464E-05  5.7174E-05  5.7512E-05  5.8082E-05  5.8317E-05  5.7449E-05  5.7679E-05  5.7762E-05  5.8117E-05  5.8425E-05
       5.8014E-05  5.7989E-05  5.8260E-05  5.8544E-05  5.8828E-05  5.8932E-05  5.8903E-05  5.8961E-05  5.9179E-05  5.8703E-05
       5.9653E-05  5.9654E-05  5.9426E-05  5.9002E-05  5.9682E-05  5.9262E-05  5.9969E-05  5.9941E-05  5.9629E-05  5.9960E-05
       6.1053E-05  6.0483E-05  6.0226E-05  6.0261E-05  6.1462E-05  6.1185E-05  6.2089E-05  6.1537E-05  6.1648E-05  6.1801E-05
       6.2214E-05  6.1617E-05  6.1853E-05  6.2394E-05  6.2746E-05  6.3239E-05  6.3491E-05  6.2620E-05  6.3237E-05  6.3669E-05
       6.3523E-05  6.3569E-05  6.3956E-05  6.4263E-05  6.4679E-05  6.4968E-05  6.4703E-05  6.5691E-05  6.5181E-05  6.5509E-05
       6.5992E-05  6.6132E-05  6.6058E-05  6.6794E-05  6.6912E-05  6.7786E-05  6.8092E-05  6.8464E-05  6.8962E-05  6.9019E-05
       6.9253E-05  7.0425E-05  7.1254E-05  7.1569E-05  7.1974E-05  7.2298E-05  7.3184E-05  7.3181E-05  7.3467E-05  7.4421E-05
       7.4279E-05  7.5438E-05  7.5531E-05  7.5533E-05  7.6003E-05  7.6350E-05  7.5962E-05  7.6420E-05  7.6069E-05  7.6242E-05
       7.6488E-05  7.6601E-05  7.5984E-05  7.6826E-05  7.6337E-05  7.6416E-05  7.6059E-05  7.5689E-05  7.6144E-05  7.6053E-05
       7.5638E-05  7.5283E-05  7.4687E-05  7.5371E-05  7.5058E-05  7.5253E-05  7.4989E-05  7.5412E-05  7.5889E-05  7.5573E-05
       7.5085E-05  7.4731E-05  7.4615E-05  7.4852E-05  7.5221E-05  7.5121E-05  7.4919E-05  7.5410E-05  7.4779E-05  7.4197E-05
       7.4580E-05  7.5121E-05  7.5131E-05  7.5001E-05  7.4762E-05  7.5120E-05  7.4403E-05  7.4402E-05  7.4191E-05  7.4452E-05
       7.4209E-05  7.4832E-05  7.4990E-05  7.5449E-05  7.4707E-05  7.5037E-05  7.5209E-05  7.5948E-05  7.5116E-05  7.5146E-05
       7.5463E-05  7.5314E-05  7.5518E-05  7.5325E-05  7.5672E-05  7.6209E-05  7.5803E-05  7.5262E-05  7.5858E-05  7.5656E-05
       7.4994E-05  7.4715E-05  7.4282E-05  7.4082E-05  7.3466E-05  7.2172E-05  7.0641E-05  6.9151E-05  6.3666E-05  5.8226E-05
       5.4296E-05  5.0049E-05  4.4280E-05  3.9749E-05  3.3229E-05  2.7514E-05  2.2631E-05  1.8012E-05  1.2929E-05  8.1201E-06
       6.0803E-06  3.9144E-06  2.2044E-06  1.2142E-06  5.2034E-07  1.9782E-07  1.3611E-07  1.9346E-07  1.5682E-07  1.4392E-07
       9.0547E-08  1.0216E-07  1.0079E-07  1.6256E-07  6.6370E-08  1.1241E-07  9.3188E-08  7.3377E-08  1.1806E-07  1.1677E-07
       1.5741E-07  1.3077E-07  8.0330E-08  8.8148E-08  3.1746E-08  6.4494E-08  8.5750E-08  6.4758E-08  9.6051E-08  7.7863E-08
       5.2695E-08  1.3098E-07  7.8395E-08  6.2042E-08  9.1723E-08  7.7077E-08  4.0192E-08  7.8659E-08  1.1763E-07  7.6137E-08
       1.0255E-07  1.4795E-07  1.3637E-07  1.0467E-07  6.0112E-08  2.9066E-08  4.6851E-08  1.1943E-07  8.4743E-08  5.8601E-08
