
 *****                                                                                    *****

           DATE:  4/05/22,  TIME: 22:01:40

          Total number of particles followed         110000, for a total weight of  1.0000E+04

1
   R - Z     binning n.   3  "dose-asc  " , generalized particle n.  208
      R coordinate: from  0.0000E+00 to  5.0000E+00 cm,     1 bins ( 5.0000E+00 cm wide)
      Z coordinate: from  0.0000E+00 to  3.5000E+01 cm,   350 bins ( 1.0000E-01 cm wide)
      axis coordinates: X = 0.0000E+00, Y =  0.0000E+00 cm
      Data follow in a matrix A(ir,iz), format (1(5x,1p,10(1x,e11.4)))

      accurate deposition along the tracks requested
       4.6111E-05  4.6576E-05  4.6990E-05  4.6681E-05  4.7410E-05  4.8065E-05  4.7910E-05  4.7571E-05  4.7738E-05  4.7622E-05
       4.7963E-05  4.7948E-05  4.8418E-05  4.8330E-05  4.8429E-05  4.8972E-05  4.8368E-05  4.8733E-05  4.9045E-05  4.9267E-05
       4.9213E-05  4.9634E-05  5.0271E-05  5.0332E-05  4.9985E-05  4.9902E-05  5.0210E-05  5.0238E-05  4.9830E-05  4.9794E-05
       5.0696E-05  5.1033E-05  5.0515E-05  5.0587E-05  5.0548E-05  5.0549E-05  5.0950E-05  5.0867E-05  5.1598E-05  5.0969E-05
       5.1211E-05  5.1100E-05  5.1367E-05  5.1054E-05  5.1306E-05  5.1963E-05  5.1173E-05  5.2146E-05  5.1887E-05  5.2279E-05
       5.2527E-05  5.2433E-05  5.2046E-05  5.2686E-05  5.2591E-05  5.2527E-05  5.2189E-05  5.2408E-05  5.2314E-05  5.2623E-05
       5.3128E-05  5.2815E-05  5.2746E-05  5.2621E-05  5.3033E-05  5.2936E-05  5.3581E-05  5.3378E-05  5.3156E-05  5.3205E-05
       5.2880E-05  5.3598E-05  5.3632E-05  5.3586E-05  5.4032E-05  5.3976E-05  5.3247E-05  5.3207E-05  5.3497E-05  5.4199E-05
       5.3829E-05  5.3973E-05  5.3871E-05  5.4101E-05  5.4425E-05  5.3948E-05  5.4140E-05  5.4184E-05  5.4690E-05  5.4261E-05
       5.4007E-05  5.4891E-05  5.5195E-05  5.4473E-05  5.4649E-05  5.4242E-05  5.4561E-05  5.4836E-05  5.5024E-05  5.5180E-05
       5.5310E-05  5.4986E-05  5.4945E-05  5.5173E-05  5.5139E-05  5.5787E-05  5.5828E-05  5.5292E-05  5.5895E-05  5.6589E-05
       5.6192E-05  5.6039E-05  5.5356E-05  5.5776E-05  5.5817E-05  5.6531E-05  5.6773E-05  5.6783E-05  5.6796E-05  5.5988E-05
       5.7406E-05  5.6783E-05  5.7017E-05  5.6878E-05  5.7334E-05  5.7100E-05  5.6958E-05  5.7283E-05  5.7698E-05  5.7765E-05
       5.7375E-05  5.7755E-05  5.7717E-05  5.8585E-05  5.7517E-05  5.7457E-05  5.8173E-05  5.8096E-05  5.7729E-05  5.8055E-05
       5.8628E-05  5.8658E-05  5.8825E-05  5.9109E-05  5.8827E-05  5.9020E-05  5.9070E-05  5.8881E-05  5.9646E-05  5.9403E-05
       5.9826E-05  5.9642E-05  6.0428E-05  5.9562E-05  5.9598E-05  5.9544E-05  6.0188E-05  6.0838E-05  5.9897E-05  6.0192E-05
       6.0507E-05  6.0956E-05  6.1044E-05  6.1333E-05  6.0913E-05  6.0884E-05  6.0935E-05  6.1117E-05  6.1629E-05  6.2233E-05
       6.2207E-05  6.1989E-05  6.1892E-05  6.2105E-05  6.2784E-05  6.2443E-05  6.2068E-05  6.2393E-05  6.3251E-05  6.2732E-05
       6.3771E-05  6.3848E-05  6.3891E-05  6.3919E-05  6.4418E-05  6.4261E-05  6.5138E-05  6.4516E-05  6.5273E-05  6.5644E-05
       6.5893E-05  6.6198E-05  6.6894E-05  6.6615E-05  6.6836E-05  6.7654E-05  6.7460E-05  6.8445E-05  6.8794E-05  6.9185E-05
       6.9687E-05  7.0600E-05  7.0802E-05  7.0974E-05  7.1743E-05  7.2479E-05  7.2817E-05  7.3338E-05  7.3872E-05  7.4357E-05
       7.4139E-05  7.5100E-05  7.5419E-05  7.5763E-05  7.5724E-05  7.6502E-05  7.6499E-05  7.6164E-05  7.6659E-05  7.6875E-05
       7.6518E-05  7.6400E-05  7.6744E-05  7.6294E-05  7.6067E-05  7.5875E-05  7.5517E-05  7.5673E-05  7.6000E-05  7.5763E-05
       7.5715E-05  7.5923E-05  7.5447E-05  7.5143E-05  7.4654E-05  7.5762E-05  7.5633E-05  7.5142E-05  7.5638E-05  7.4779E-05
       7.4668E-05  7.4377E-05  7.4731E-05  7.4558E-05  7.4774E-05  7.5098E-05  7.4878E-05  7.4544E-05  7.4343E-05  7.4194E-05
       7.4484E-05  7.4353E-05  7.4474E-05  7.5077E-05  7.4576E-05  7.4471E-05  7.4573E-05  7.4059E-05  7.4215E-05  7.4161E-05
       7.4515E-05  7.4007E-05  7.4101E-05  7.4263E-05  7.4046E-05  7.3915E-05  7.3950E-05  7.4466E-05  7.4502E-05  7.5223E-05
       7.4700E-05  7.5555E-05  7.5092E-05  7.5282E-05  7.5377E-05  7.5495E-05  7.5813E-05  7.5779E-05  7.5767E-05  7.5797E-05
       7.5851E-05  7.5177E-05  7.4268E-05  7.4108E-05  7.3571E-05  7.1635E-05  6.8868E-05  6.5944E-05  6.2647E-05  5.7952E-05
       5.2786E-05  4.7726E-05  4.2242E-05  3.6649E-05  3.2242E-05  2.6321E-05  2.1624E-05  1.7634E-05  1.3689E-05  9.6172E-06
       6.5364E-06  4.2043E-06  2.3013E-06  1.5650E-06  7.2015E-07  4.1154E-07  2.0880E-07  1.2265E-07  5.7459E-08  1.0381E-07
       5.1378E-08  5.1739E-08  4.8586E-08  5.1955E-08  6.3799E-08  4.4458E-08  6.3793E-08  1.0049E-07  7.6935E-08  6.2841E-08
       7.9384E-08  3.9451E-08  6.8505E-08  5.6463E-08  5.1830E-08  7.0673E-08  5.7081E-08  6.0528E-08  5.5728E-08  8.1561E-08
       8.5401E-08  7.5267E-08  1.1485E-07  5.7308E-08  4.3197E-08  9.6382E-08  5.1068E-08  6.3340E-08  7.2561E-08  6.4842E-08
       1.0148E-07  6.0210E-08  9.9364E-08  6.2712E-08  5.4011E-08  6.7459E-08  4.4559E-08  4.9749E-08  9.7789E-08  1.1992E-07
