
 *****                                                                                    *****

           DATE:  4/05/22,  TIME: 21:40:49

          Total number of particles followed         110000, for a total weight of  1.0000E+04

1
   R - Z     binning n.   3  "dose-asc  " , generalized particle n.  208
      R coordinate: from  0.0000E+00 to  5.0000E+00 cm,     1 bins ( 5.0000E+00 cm wide)
      Z coordinate: from  0.0000E+00 to  3.5000E+01 cm,   350 bins ( 1.0000E-01 cm wide)
      axis coordinates: X = 0.0000E+00, Y =  0.0000E+00 cm
      Data follow in a matrix A(ir,iz), format (1(5x,1p,10(1x,e11.4)))

      accurate deposition along the tracks requested
       4.6228E-05  4.7028E-05  4.6538E-05  4.7067E-05  4.7007E-05  4.7149E-05  4.6982E-05  4.7787E-05  4.7624E-05  4.8262E-05
       4.7685E-05  4.8202E-05  4.8939E-05  4.9541E-05  4.9314E-05  4.8825E-05  4.9193E-05  4.9527E-05  4.9523E-05  5.0298E-05
       4.9694E-05  4.9391E-05  4.9950E-05  4.9841E-05  5.0574E-05  5.0123E-05  5.0419E-05  5.0486E-05  5.0856E-05  5.0137E-05
       5.0557E-05  5.0684E-05  5.0498E-05  5.0649E-05  5.1214E-05  5.1582E-05  5.0983E-05  5.1391E-05  5.1433E-05  5.1275E-05
       5.1603E-05  5.2008E-05  5.1644E-05  5.1396E-05  5.1785E-05  5.1645E-05  5.1430E-05  5.2130E-05  5.1442E-05  5.1308E-05
       5.2789E-05  5.2168E-05  5.2126E-05  5.2848E-05  5.2909E-05  5.2792E-05  5.2740E-05  5.2230E-05  5.3268E-05  5.2783E-05
       5.2795E-05  5.2573E-05  5.2618E-05  5.2386E-05  5.2846E-05  5.2834E-05  5.3703E-05  5.2883E-05  5.2990E-05  5.3544E-05
       5.3811E-05  5.3597E-05  5.3544E-05  5.3277E-05  5.3336E-05  5.3693E-05  5.3621E-05  5.3272E-05  5.3369E-05  5.3073E-05
       5.3975E-05  5.3668E-05  5.3567E-05  5.4244E-05  5.3714E-05  5.4156E-05  5.3933E-05  5.4679E-05  5.4509E-05  5.4530E-05
       5.4754E-05  5.4765E-05  5.4190E-05  5.5199E-05  5.4482E-05  5.4614E-05  5.4936E-05  5.5338E-05  5.5030E-05  5.4701E-05
       5.4679E-05  5.4472E-05  5.5249E-05  5.4830E-05  5.4496E-05  5.5656E-05  5.5275E-05  5.5331E-05  5.5186E-05  5.5262E-05
       5.5512E-05  5.5753E-05  5.6464E-05  5.5538E-05  5.5126E-05  5.5477E-05  5.5977E-05  5.5958E-05  5.7183E-05  5.6730E-05
       5.6523E-05  5.6974E-05  5.6538E-05  5.6950E-05  5.6886E-05  5.6714E-05  5.7512E-05  5.7406E-05  5.6992E-05  5.6810E-05
       5.6536E-05  5.8148E-05  5.7313E-05  5.7083E-05  5.7092E-05  5.7742E-05  5.8061E-05  5.7729E-05  5.7594E-05  5.8224E-05
       5.8355E-05  5.7864E-05  5.8263E-05  5.8220E-05  5.8239E-05  5.8578E-05  5.8798E-05  5.9257E-05  5.9473E-05  5.9553E-05
       5.9610E-05  5.9761E-05  5.9395E-05  5.9365E-05  5.9168E-05  5.9514E-05  5.9761E-05  6.0012E-05  6.0108E-05  6.0607E-05
       6.0178E-05  6.0507E-05  6.0068E-05  6.0087E-05  6.0754E-05  6.0872E-05  6.1158E-05  6.1690E-05  6.1850E-05  6.1305E-05
       6.2354E-05  6.1799E-05  6.2555E-05  6.2331E-05  6.2128E-05  6.2500E-05  6.2138E-05  6.2939E-05  6.3063E-05  6.2923E-05
       6.3208E-05  6.3337E-05  6.3691E-05  6.4744E-05  6.4534E-05  6.4945E-05  6.5352E-05  6.5456E-05  6.5035E-05  6.6131E-05
       6.6193E-05  6.6522E-05  6.6700E-05  6.6905E-05  6.7001E-05  6.7508E-05  6.8138E-05  6.8470E-05  6.9030E-05  6.8876E-05
       6.9658E-05  7.0040E-05  7.0675E-05  7.0881E-05  7.1657E-05  7.2453E-05  7.2686E-05  7.3237E-05  7.3625E-05  7.4786E-05
       7.4498E-05  7.5480E-05  7.5324E-05  7.5260E-05  7.5823E-05  7.6194E-05  7.6388E-05  7.6570E-05  7.6516E-05  7.6127E-05
       7.6376E-05  7.6732E-05  7.6433E-05  7.6196E-05  7.6238E-05  7.6481E-05  7.5792E-05  7.5615E-05  7.5534E-05  7.5755E-05
       7.5075E-05  7.4930E-05  7.5039E-05  7.4651E-05  7.5223E-05  7.4637E-05  7.5318E-05  7.5726E-05  7.5232E-05  7.5116E-05
       7.5239E-05  7.5178E-05  7.5043E-05  7.4456E-05  7.5038E-05  7.5164E-05  7.5083E-05  7.4832E-05  7.4900E-05  7.4379E-05
       7.4625E-05  7.4764E-05  7.4571E-05  7.4816E-05  7.4666E-05  7.4464E-05  7.4083E-05  7.4150E-05  7.4364E-05  7.4018E-05
       7.4416E-05  7.4374E-05  7.4429E-05  7.4893E-05  7.4583E-05  7.4684E-05  7.4906E-05  7.4819E-05  7.4758E-05  7.5266E-05
       7.4659E-05  7.3987E-05  7.4654E-05  7.4923E-05  7.4621E-05  7.5535E-05  7.5817E-05  7.5436E-05  7.5991E-05  7.5473E-05
       7.5312E-05  7.5328E-05  7.4608E-05  7.4268E-05  7.3205E-05  7.2413E-05  6.9556E-05  6.7455E-05  6.3358E-05  5.8364E-05
       5.3754E-05  4.8756E-05  4.3102E-05  3.8232E-05  3.2131E-05  2.6714E-05  2.2882E-05  1.7407E-05  1.3199E-05  9.0513E-06
       6.1811E-06  3.8889E-06  2.4851E-06  1.3972E-06  8.1319E-07  3.9520E-07  1.7667E-07  1.2155E-07  6.3138E-08  8.9275E-08
       9.9160E-08  1.8229E-07  1.3924E-07  9.4758E-08  9.8186E-08  1.1147E-07  7.2506E-08  7.2070E-08  1.0402E-07  1.6412E-07
       1.2068E-07  8.3515E-08  1.3708E-07  1.0896E-07  7.4270E-08  8.6783E-08  8.6714E-08  8.6642E-08  7.0785E-08  6.2290E-08
       9.2743E-08  6.3701E-08  8.6118E-08  1.2886E-07  7.2518E-08  4.4459E-08  6.9298E-08  7.3356E-08  2.2955E-07  4.6142E-08
       3.0701E-08  4.6616E-08  4.8705E-08  6.7030E-08  3.0185E-08  3.2593E-08  6.2914E-08  3.5741E-08  5.9810E-08  5.4937E-08
