
 *****                                                                                    *****

           DATE:  4/05/22,  TIME: 22:12:12

          Total number of particles followed         110000, for a total weight of  1.0000E+04

1
   R - Z     binning n.   3  "dose-asc  " , generalized particle n.  208
      R coordinate: from  0.0000E+00 to  5.0000E+00 cm,     1 bins ( 5.0000E+00 cm wide)
      Z coordinate: from  0.0000E+00 to  3.5000E+01 cm,   350 bins ( 1.0000E-01 cm wide)
      axis coordinates: X = 0.0000E+00, Y =  0.0000E+00 cm
      Data follow in a matrix A(ir,iz), format (1(5x,1p,10(1x,e11.4)))

      accurate deposition along the tracks requested
       4.5874E-05  4.6418E-05  4.7286E-05  4.6399E-05  4.6862E-05  4.6714E-05  4.7204E-05  4.7885E-05  4.7752E-05  4.7623E-05
       4.7795E-05  4.8518E-05  4.8224E-05  4.7929E-05  4.8942E-05  4.8809E-05  4.8728E-05  4.9201E-05  4.8580E-05  4.8933E-05
       4.9390E-05  4.9048E-05  4.9495E-05  4.8866E-05  4.9766E-05  4.9390E-05  4.9115E-05  4.9528E-05  4.9673E-05  4.9865E-05
       5.0060E-05  5.0098E-05  4.9562E-05  5.0604E-05  5.0909E-05  5.0415E-05  5.1394E-05  5.1245E-05  5.0769E-05  5.1590E-05
       5.1334E-05  5.1017E-05  5.0997E-05  5.1034E-05  5.1488E-05  5.1482E-05  5.1558E-05  5.1718E-05  5.1271E-05  5.1841E-05
       5.2056E-05  5.1925E-05  5.1900E-05  5.1824E-05  5.1611E-05  5.2167E-05  5.2026E-05  5.2750E-05  5.2049E-05  5.2197E-05
       5.2122E-05  5.2552E-05  5.2681E-05  5.2440E-05  5.2520E-05  5.2510E-05  5.3497E-05  5.2802E-05  5.3173E-05  5.3152E-05
       5.2881E-05  5.2670E-05  5.2507E-05  5.3175E-05  5.3006E-05  5.2990E-05  5.3453E-05  5.3391E-05  5.3636E-05  5.3696E-05
       5.3182E-05  5.3526E-05  5.3033E-05  5.3747E-05  5.3854E-05  5.3956E-05  5.3566E-05  5.3593E-05  5.3866E-05  5.3576E-05
       5.3734E-05  5.4658E-05  5.4716E-05  5.4602E-05  5.4534E-05  5.4539E-05  5.4893E-05  5.4773E-05  5.4841E-05  5.4883E-05
       5.5245E-05  5.4667E-05  5.5225E-05  5.4709E-05  5.5174E-05  5.5461E-05  5.5327E-05  5.6266E-05  5.4794E-05  5.4940E-05
       5.5432E-05  5.5488E-05  5.6084E-05  5.6271E-05  5.6483E-05  5.5943E-05  5.6658E-05  5.5708E-05  5.6161E-05  5.6403E-05
       5.6223E-05  5.6408E-05  5.6936E-05  5.6361E-05  5.6866E-05  5.6610E-05  5.6302E-05  5.6415E-05  5.6751E-05  5.7049E-05
       5.6503E-05  5.7154E-05  5.6955E-05  5.7925E-05  5.7164E-05  5.8043E-05  5.7667E-05  5.7010E-05  5.7461E-05  5.7677E-05
       5.8301E-05  5.7594E-05  5.8142E-05  5.8309E-05  5.7892E-05  5.8565E-05  5.8469E-05  5.9480E-05  5.8760E-05  5.8555E-05
       5.9218E-05  5.9102E-05  5.8564E-05  5.8331E-05  5.9380E-05  5.9640E-05  5.9629E-05  6.0027E-05  5.9921E-05  5.9763E-05
       6.0301E-05  6.0676E-05  5.9965E-05  6.0422E-05  5.9906E-05  6.0378E-05  6.1058E-05  6.1136E-05  6.1456E-05  6.1434E-05
       6.1528E-05  6.2242E-05  6.2092E-05  6.2548E-05  6.2339E-05  6.1973E-05  6.2628E-05  6.2778E-05  6.3114E-05  6.3035E-05
       6.3305E-05  6.3033E-05  6.3080E-05  6.3465E-05  6.3702E-05  6.4408E-05  6.4503E-05  6.4648E-05  6.5149E-05  6.5125E-05
       6.5883E-05  6.5325E-05  6.5530E-05  6.5914E-05  6.6438E-05  6.7298E-05  6.7406E-05  6.7781E-05  6.8213E-05  6.8614E-05
       6.8913E-05  6.9217E-05  7.0391E-05  7.1175E-05  7.1834E-05  7.2524E-05  7.2949E-05  7.3680E-05  7.3411E-05  7.3877E-05
       7.4075E-05  7.4383E-05  7.4653E-05  7.4792E-05  7.4831E-05  7.4742E-05  7.4911E-05  7.5157E-05  7.5296E-05  7.5472E-05
       7.5466E-05  7.5650E-05  7.5366E-05  7.4815E-05  7.4982E-05  7.5351E-05  7.4530E-05  7.4811E-05  7.5181E-05  7.5541E-05
       7.5606E-05  7.5308E-05  7.5012E-05  7.5086E-05  7.4831E-05  7.5314E-05  7.5426E-05  7.4793E-05  7.4596E-05  7.4439E-05
       7.4083E-05  7.4530E-05  7.4369E-05  7.4209E-05  7.4399E-05  7.3783E-05  7.4081E-05  7.3870E-05  7.4004E-05  7.3890E-05
       7.3375E-05  7.3274E-05  7.3825E-05  7.3697E-05  7.3810E-05  7.4046E-05  7.4073E-05  7.3020E-05  7.3597E-05  7.3826E-05
       7.3624E-05  7.4234E-05  7.3968E-05  7.3806E-05  7.4150E-05  7.3337E-05  7.3618E-05  7.3406E-05  7.4227E-05  7.4515E-05
       7.4055E-05  7.4297E-05  7.4384E-05  7.3927E-05  7.4137E-05  7.4288E-05  7.5246E-05  7.4825E-05  7.4915E-05  7.4896E-05
       7.4446E-05  7.3929E-05  7.2943E-05  7.2646E-05  7.1299E-05  7.0246E-05  6.9128E-05  6.5537E-05  6.1747E-05  5.7710E-05
       5.3232E-05  4.8770E-05  4.3683E-05  3.7540E-05  3.2294E-05  2.8124E-05  2.2373E-05  1.7521E-05  1.3064E-05  8.9974E-06
       6.0451E-06  3.6813E-06  2.1320E-06  1.3435E-06  8.0126E-07  4.9657E-07  2.9039E-07  2.4496E-07  1.4889E-07  1.1216E-07
       9.9218E-08  8.8354E-08  1.8528E-07  1.9239E-07  1.3450E-07  9.2622E-08  1.1340E-07  8.5670E-08  1.2754E-07  8.7920E-08
       1.4222E-07  9.4440E-08  1.2946E-07  7.4573E-08  1.0348E-07  7.5004E-08  1.1808E-07  7.4594E-08  1.3876E-07  1.5964E-07
       9.0751E-08  5.7714E-08  7.1695E-08  8.9004E-08  4.8778E-08  4.6551E-08  5.0440E-08  5.1280E-08  7.7331E-08  5.5275E-08
       5.8836E-08  6.5328E-08  4.9534E-08  5.1855E-08  4.3377E-08  2.8249E-08  3.1490E-08  6.2845E-08  9.5619E-08  8.4640E-08
